0 0.962122 0.5826 0.075409 0.242972
0 0.918484 0.872005 0.051106 0.226107
0 0.405087 0.124184 0.083089 0.187206
0 0.433786 0.272676 0.34944 0.192893
0 0.958161 0.791691 0.083416 0.231729
0 0.34225 0.403401 0.195805 0.150222
0 0.178714 0.529752 0.342362 0.161793
0 0.110067 0.808649 0.182211 0.168171
0 0.154785 0.330754 0.168248 0.278038
0 0.211104 0.056388 0.341903 0.110316
0 0.270609 0.427367 0.241616 0.115177
0 0.119686 0.527658 0.233453 0.152361
0 0.348003 0.896324 0.338276 0.166667
0 0.02737 0.321275 0.054741 0.230802
0 0.696202 0.747026 0.15569 0.371297
0 0.66928 0.9256 0.106185 0.148091
0 0.946159 0.154432 0.10666 0.290039
0 0.020999 0.795092 0.041999 0.18334
