0 0.914252 0.249562 0.092174 0.215312
0 0.776079 0.419956 0.361708 0.161491
0 0.249698 0.518152 0.263897 0.14956
0 0.390626 0.206616 0.217685 0.21341
0 0.342117 0.343135 0.216832 0.161396
0 0.984029 0.694343 0.031941 0.247758
0 0.547037 0.625972 0.125968 0.218532
0 0.789336 0.278645 0.079825 0.168729
0 0.353985 0.195259 0.289238 0.176515
0 0.84609 0.683898 0.196584 0.134273
0 0.291813 0.748246 0.107037 0.250586
0 0.246433 0.516262 0.363059 0.137034
0 0.741926 0.751892 0.39395 0.192872
0 0.934748 0.229315 0.128344 0.261869
0 0.023071 0.412759 0.046143 0.14915
0 0.254698 0.21211 0.371709 0.144444
0 0.192385 0.379258 0.214981 0.104666
0 0.759614 0.707926 0.349906 0.153198
0 0.717609 0.785086 0.379283 0.255051
