0 0.752657 0.228536 0.19281 0.129358
0 0.960828 0.773462 0.078036 0.218151
0 0.970987 0.597117 0.057442 0.197217
0 0.296721 0.390128 0.27972 0.145591
0 0.379807 0.689411 0.228947 0.100901
0 0.149971 0.332958 0.150639 0.258595
0 0.075378 0.751223 0.14991 0.203265
0 0.938784 0.16272 0.122432 0.283153
0 0.702943 0.773669 0.404161 0.245686
0 0.951558 0.365967 0.096089 0.229941
0 0.726327 0.059915 0.22768 0.119831
0 0.528532 0.260479 0.301901 0.191585
0 0.288653 0.198991 0.088027 0.109528
0 0.484384 0.916754 0.247587 0.152415
0 0.666451 0.358736 0.098871 0.177305
0 0.033884 0.745298 0.067768 0.201057
0 0.623344 0.561075 0.21575 0.153094
