0 0.098467 0.631250 0.057783 0.091667
0 0.554245 0.505208 0.099057 0.102083
0 0.618514 0.152083 0.055425 0.100000
0 0.277123 0.429167 0.136792 0.066667
0 0.557783 0.898958 0.101415 0.122917
0 0.810142 0.900000 0.047170 0.191667
0 0.201651 0.826042 0.120283 0.197917
0 0.255896 0.530208 0.202830 0.122917
0 0.104363 0.948958 0.060142 0.085417
0 0.535377 0.409375 0.044811 0.056250
0 0.745873 0.768750 0.076651 0.154167
0 0.534198 0.636458 0.129717 0.181250
0 0.354363 0.750000 0.140330 0.100000
0 0.449882 0.510417 0.135613 0.091667
