0 0.131486 0.923958 0.060142 0.135417
0 0.308962 0.330208 0.056604 0.102083
0 0.350236 0.557292 0.129717 0.264583
0 0.199292 0.327083 0.160377 0.100000
0 0.614976 0.405208 0.180425 0.077083
0 0.768278 0.964583 0.055425 0.062500
0 0.586675 0.175000 0.076651 0.245833
0 0.830778 0.845833 0.041274 0.183333
0 0.641509 0.958333 0.047170 0.083333
0 0.208137 0.394792 0.161557 0.097917
0 0.674528 0.513542 0.287736 0.135417
0 0.711675 0.515625 0.213443 0.127083
0 0.574882 0.295833 0.067217 0.058333
0 0.765330 0.734375 0.117925 0.081250
0 0.721108 0.841667 0.149764 0.108333
0 0.487618 0.504167 0.093160 0.120833
