0 0.967657 0.592747 0.064186 0.241652
0 0.52784 0.104171 0.094345 0.200631
0 0.967299 0.819204 0.064716 0.255393
0 0.025088 0.772378 0.050176 0.197665
0 0.13059 0.363327 0.14548 0.247281
0 0.108469 0.78499 0.153765 0.160212
0 0.9571 0.387187 0.0858 0.233228
0 0.71043 0.452477 0.219734 0.169544
0 0.031443 0.28124 0.062886 0.313947
0 0.273405 0.783087 0.224879 0.119482
0 0.39938 0.923537 0.208945 0.135458
0 0.522344 0.508662 0.183535 0.099308
0 0.219116 0.062646 0.327388 0.120447
0 0.296154 0.398697 0.258269 0.150101
0 0.350509 0.920163 0.296788 0.145863
0 0.686035 0.779547 0.428311 0.260886
0 0.811307 0.731721 0.179971 0.120077
0 0.386626 0.691932 0.235098 0.107804
0 0.74298 0.372944 0.19063 0.137183
0 0.746586 0.727127 0.301164 0.146512
0 0.83048 0.071872 0.33904 0.126642
0 0.684572 0.957044 0.179652 0.085911
0 0.597466 0.213693 0.187065 0.156897
0 0.955504 0.187451 0.088592 0.269947
0 0.87477 0.129733 0.250459 0.253551
