0 0.412861 0.422414 0.104567 0.073276
0 0.354567 0.512931 0.028846 0.090517
0 0.22476 0.311422 0.024038 0.053879
0 0.600361 0.119612 0.080529 0.071121
0 0.867188 0.165948 0.054087 0.159483
0 0.904447 0.119612 0.042067 0.053879
0 0.972356 0.119612 0.052885 0.049569
0 0.776442 0.480603 0.043269 0.077586
0 0.76262 0.386853 0.030048 0.109914
0 0.695913 0.702586 0.069712 0.103448
0 0.713942 0.658405 0.036058 0.079741
0 0.692308 0.580819 0.084135 0.0625
0 0.667668 0.62931 0.063702 0.038793
0 0.329327 0.631466 0.084135 0.064655
0 0.390625 0.58944 0.036058 0.153017
0 0.469952 0.582974 0.134615 0.079741
0 0.573317 0.756466 0.0625 0.116379
0 0.690505 0.775862 0.140625 0.181034
0 0.831731 0.842672 0.235577 0.137931
0 0.713942 0.886853 0.098558 0.088362
0 0.800481 0.946121 0.168269 0.107759
0 0.884615 0.72306 0.069712 0.096983
0 0.840144 0.516164 0.043269 0.084052
0 0.947716 0.529095 0.039663 0.096983
0 0.973558 0.492457 0.050481 0.088362
0 0.264423 0.539871 0.069712 0.079741
0 0.109375 0.643319 0.216346 0.092672
0 0.11899 0.661638 0.144231 0.047414
0 0.220553 0.765086 0.167067 0.159483
0 0.242188 0.724138 0.126202 0.043103
0 0.347957 0.709052 0.08774 0.073276
0 0.469952 0.90625 0.076923 0.092672
0 0.578125 0.923491 0.060096 0.131466
0 0.632812 0.884698 0.16226 0.131466
0 0.448317 0.697198 0.0625 0.105603
0 0.328726 0.885776 0.111779 0.163793
0 0.077524 0.899784 0.140625 0.200431
0 0.959736 0.702586 0.080529 0.159483
0 0.754808 0.592672 0.038462 0.051724
0 0.825721 0.596983 0.055288 0.073276
0 0.488582 0.977371 0.167067 0.040948
0 0.420072 0.796336 0.066106 0.140086
0 0.512019 0.71875 0.055288 0.084052
0 0.49399 0.810345 0.086538 0.112069
0 0.465745 0.5 0.128606 0.064655
0 0.573317 0.523707 0.081731 0.090517
0 0.588942 0.584052 0.100962 0.064655
0 0.606971 0.650862 0.127404 0.103448
0 0.041466 0.733836 0.080529 0.05819
0 0.965745 0.891164 0.06851 0.153017
0 0.185697 0.91056 0.13101 0.114224
0 0.271635 0.978448 0.233173 0.034483
0 0.335938 0.56681 0.085337 0.056034
0 0.808293 0.725216 0.094952 0.101293
0 0.882212 0.618534 0.074519 0.107759
0 0.881611 0.501078 0.042067 0.144397
0 0.774639 0.599138 0.063702 0.090517
