0 0.8451 0.073015 0.309799 0.138915
0 0.823505 0.519559 0.191095 0.119152
0 0.555347 0.867417 0.162504 0.163688
0 0.507037 0.432301 0.251799 0.180195
0 0.804434 0.076656 0.244373 0.153312
0 0.767059 0.822184 0.262434 0.164418
0 0.305836 0.30048 0.30588 0.16434
0 0.303539 0.057463 0.406054 0.109381
0 0.031795 0.52044 0.06359 0.299692
0 0.487776 0.415378 0.22517 0.148041
0 0.254255 0.063383 0.263739 0.126766
0 0.473466 0.242663 0.264322 0.136939
0 0.799321 0.29987 0.36691 0.214405
0 0.218799 0.854565 0.124006 0.171124
0 0.543474 0.839721 0.112127 0.193088
0 0.364593 0.072504 0.266261 0.141982
0 0.350654 0.862959 0.368322 0.164818
0 0.864331 0.638428 0.270808 0.141977
0 0.306607 0.342787 0.295915 0.211503
0 0.254883 0.313263 0.223388 0.175043
0 0.35769 0.463149 0.235187 0.123409
0 0.546 0.514623 0.200169 0.138777
0 0.807875 0.827489 0.1861 0.15029
