0 0.969755 0.584099 0.060306 0.238113
0 0.748209 0.275901 0.137946 0.170578
0 0.887432 0.123022 0.225136 0.236982
0 0.298798 0.390248 0.28079 0.148324
0 0.701994 0.771947 0.427277 0.258625
0 0.931638 0.144049 0.136724 0.284102
0 0.178322 0.259929 0.123659 0.102102
0 0.150484 0.32725 0.161153 0.265511
0 0.033459 0.28411 0.066918 0.298309
0 0.442207 0.198808 0.064517 0.137251
0 0.953023 0.78731 0.093655 0.234593
0 0.673344 0.097514 0.139628 0.190063
0 0.738797 0.719028 0.356089 0.145944
0 0.451778 0.479441 0.172548 0.116164
0 0.725239 0.750352 0.359446 0.201377
0 0.340957 0.895418 0.359304 0.178261
0 0.074861 0.752774 0.149723 0.185162
0 0.642614 0.073482 0.080896 0.117321
0 0.529077 0.255219 0.277042 0.223112
