0 0.542533 0.893541 0.076292 0.180127
0 0.246161 0.296471 0.209411 0.147951
0 0.155255 0.435453 0.300477 0.205201
0 0.556515 0.459541 0.191778 0.133698
0 0.416629 0.585435 0.211492 0.264812
0 0.82657 0.368122 0.346859 0.18763
0 0.295075 0.12935 0.269095 0.182053
0 0.600424 0.566837 0.201077 0.128655
0 0.778108 0.838918 0.226438 0.194487
0 0.857378 0.121565 0.282614 0.239118
0 0.036539 0.094752 0.072108 0.163241
0 0.854068 0.660122 0.291864 0.212809
0 0.313466 0.15617 0.250123 0.232957
0 0.217093 0.76071 0.144672 0.292111
0 0.829326 0.079125 0.341349 0.150542
0 0.532038 0.767675 0.157455 0.158869
0 0.254016 0.106034 0.327926 0.204801
0 0.804206 0.608395 0.391588 0.131399
0 0.178739 0.469291 0.255162 0.235593
0 0.208379 0.513399 0.194927 0.306555
0 0.220366 0.791152 0.124853 0.236235
0 0.324229 0.194012 0.22482 0.275476
0 0.824523 0.634524 0.341042 0.172421
0 0.923177 0.128405 0.153575 0.2424
0 0.861541 0.745967 0.259115 0.128917
