0 0.454327 0.510776 0.129808 0.099138
0 0.138822 0.283405 0.143029 0.355603
0 0.441707 0.163793 0.032452 0.060345
0 0.551082 0.25431 0.155048 0.094828
0 0.715745 0.122845 0.058894 0.073276
0 0.881611 0.136853 0.126202 0.200431
0 0.966947 0.210129 0.044471 0.075431
0 0.100962 0.595905 0.084135 0.071121
0 0.136418 0.647629 0.05649 0.05819
0 0.21274 0.62931 0.096154 0.077586
0 0.340745 0.649784 0.09976 0.049569
0 0.368389 0.601293 0.104567 0.030172
0 0.396034 0.642241 0.039663 0.064655
0 0.336538 0.730603 0.0625 0.107759
0 0.305889 0.800647 0.152644 0.174569
0 0.40024 0.771552 0.091346 0.090517
0 0.490385 0.759698 0.117788 0.053879
0 0.558293 0.797414 0.027644 0.198276
0 0.592548 0.755388 0.040865 0.118534
0 0.463942 0.56681 0.129808 0.068966
0 0.560096 0.53125 0.064904 0.0625
0 0.619591 0.581897 0.066106 0.077586
0 0.747596 0.739224 0.134615 0.081897
0 0.758413 0.915948 0.120192 0.081897
0 0.633413 0.923491 0.199519 0.105603
0 0.471154 0.900862 0.108173 0.086207
0 0.328726 0.955819 0.195913 0.071121
0 0.11238 0.788793 0.222356 0.051724
0 0.154447 0.730603 0.140625 0.077586
0 0.702524 0.529095 0.046875 0.075431
0 0.813101 0.502155 0.114183 0.12931
0 0.893029 0.420259 0.033654 0.068966
0 0.502404 0.619612 0.060096 0.088362
0 0.454327 0.682112 0.105769 0.0625
0 0.513822 0.705819 0.046875 0.040948
0 0.698918 0.796336 0.191106 0.101293
0 0.971154 0.688578 0.03125 0.109914
0 0.967548 0.450431 0.060096 0.107759
0 0.853365 0.815733 0.182692 0.071121
0 0.173678 0.869612 0.106971 0.118534
0 0.103966 0.927802 0.133413 0.144397
0 0.880409 0.607759 0.104567 0.12931
0 0.721755 0.669181 0.116587 0.071121
0 0.69351 0.704741 0.158654 0.073276
0 0.599159 0.644397 0.092548 0.073276
0 0.911659 0.898707 0.176683 0.133621
0 0.227764 0.947198 0.11899 0.071121
0 0.777644 0.599138 0.033654 0.081897
0 0.48137 0.841595 0.155048 0.071121
0 0.467548 0.97306 0.076923 0.053879
