0 0.364784 0.290948 0.116587 0.064655
0 0.697716 0.262931 0.034856 0.116379
0 0.722356 0.434267 0.055288 0.092672
0 0.172476 0.235991 0.063702 0.109914
0 0.246995 0.434267 0.030048 0.114224
0 0.234976 0.576509 0.121394 0.140086
0 0.338942 0.568966 0.151442 0.099138
0 0.635216 0.487069 0.049279 0.103448
0 0.584135 0.501078 0.036058 0.101293
0 0.499399 0.62069 0.106971 0.060345
0 0.372596 0.672414 0.110577 0.060345
0 0.232572 0.740302 0.18149 0.109914
0 0.094952 0.630388 0.081731 0.105603
0 0.099159 0.594828 0.054087 0.060345
0 0.091346 0.457974 0.038462 0.053879
0 0.091947 0.490302 0.066106 0.0625
0 0.052284 0.373922 0.063702 0.06681
0 0.066106 0.290948 0.129808 0.232759
0 0.080529 0.195043 0.112981 0.088362
0 0.105168 0.135776 0.085337 0.099138
0 0.819111 0.463362 0.034856 0.112069
0 0.852764 0.540948 0.073317 0.068966
0 0.873197 0.59806 0.05649 0.0625
0 0.907452 0.650862 0.098558 0.056034
0 0.958534 0.674569 0.082933 0.056034
0 0.826322 0.794181 0.063702 0.092672
0 0.847957 0.87069 0.114183 0.056034
0 0.746394 0.897629 0.088942 0.105603
0 0.536659 0.917026 0.18149 0.096983
0 0.652043 0.975216 0.075721 0.049569
0 0.248197 0.950431 0.215144 0.099138
0 0.088341 0.759698 0.061298 0.088362
0 0.036659 0.698276 0.06851 0.056034
0 0.363582 0.478448 0.046875 0.051724
0 0.490385 0.493534 0.052885 0.064655
0 0.538462 0.515086 0.043269 0.073276
0 0.479567 0.557112 0.103365 0.053879
0 0.702524 0.581897 0.111779 0.060345
0 0.63101 0.619612 0.096154 0.084052
0 0.558293 0.709052 0.18149 0.099138
0 0.646635 0.788793 0.098558 0.056034
0 0.625 0.846983 0.120192 0.086207
0 0.747596 0.807112 0.084135 0.071121
0 0.759014 0.705819 0.104567 0.079741
0 0.748197 0.635776 0.06851 0.056034
0 0.839543 0.663793 0.09976 0.086207
0 0.790264 0.576509 0.054087 0.06681
0 0.418269 0.797414 0.173077 0.107759
0 0.331731 0.850216 0.074519 0.0625
0 0.070312 0.955819 0.138221 0.088362
0 0.922476 0.883621 0.063702 0.081897
0 0.677885 0.692888 0.055288 0.105603
