0 0.426683 0.450431 0.115385 0.086207
0 0.47476 0.240302 0.021635 0.06681
0 0.416466 0.018319 0.058894 0.023707
0 0.225962 0.400862 0.036058 0.051724
0 0.132812 0.528017 0.049279 0.081897
0 0.102163 0.668103 0.161058 0.077586
0 0.121394 0.610991 0.091346 0.053879
0 0.270433 0.553879 0.079327 0.056034
0 0.254207 0.628233 0.039663 0.105603
0 0.239183 0.728448 0.146635 0.099138
0 0.465745 0.743534 0.126202 0.068966
0 0.557692 0.548491 0.060096 0.075431
0 0.651442 0.525862 0.067308 0.064655
0 0.746394 0.528017 0.036058 0.12069
0 0.841346 0.550647 0.052885 0.096983
0 0.810096 0.637931 0.153846 0.112069
0 0.773438 0.630388 0.070913 0.05819
0 0.628005 0.599138 0.070913 0.077586
0 0.580529 0.773707 0.040865 0.150862
0 0.810096 0.869612 0.168269 0.114224
0 0.814904 0.738147 0.026442 0.144397
0 0.841947 0.72306 0.054087 0.040948
0 0.344952 0.732759 0.064904 0.112069
0 0.147837 0.782328 0.223558 0.060345
0 0.090745 0.835129 0.155048 0.084052
0 0.155649 0.90625 0.174279 0.153017
0 0.301683 0.889009 0.165865 0.209052
0 0.376803 0.863147 0.102163 0.118534
0 0.344952 0.955819 0.170673 0.071121
0 0.46875 0.828664 0.067308 0.075431
0 0.495192 0.926724 0.134615 0.146552
0 0.757812 0.938578 0.21274 0.122845
0 0.688101 0.727371 0.169471 0.114224
0 0.563101 0.635776 0.13101 0.094828
0 0.465745 0.596983 0.11899 0.107759
0 0.365385 0.599138 0.084135 0.060345
0 0.473558 0.522629 0.115385 0.0625
0 0.329928 0.639009 0.126202 0.071121
0 0.394231 0.668103 0.038462 0.181034
0 0.449519 0.716595 0.079327 0.118534
0 0.940505 0.665948 0.116587 0.155172
0 0.974159 0.83944 0.051683 0.114224
0 0.715144 0.801724 0.165865 0.081897
0 0.629808 0.959052 0.129808 0.081897
0 0.645433 0.889009 0.134615 0.140086
