0 0.955925 0.628779 0.087491 0.254172
0 0.952814 0.836447 0.093356 0.256451
0 0.740913 0.124089 0.12598 0.145051
0 0.115788 0.466799 0.204425 0.342333
0 0.64634 0.479469 0.1892 0.172633
0 0.59955 0.85004 0.180916 0.209294
0 0.190104 0.077953 0.333313 0.148946
0 0.244354 0.092944 0.41398 0.156783
0 0.262569 0.566846 0.289776 0.146619
0 0.940784 0.212546 0.118431 0.377144
0 0.446615 0.128671 0.273284 0.184896
0 0.188922 0.917557 0.363038 0.155607
0 0.636915 0.500957 0.169321 0.137884
0 0.765014 0.864321 0.086854 0.169074
0 0.178842 0.703846 0.340691 0.157765
0 0.495549 0.452219 0.171959 0.092631
0 0.322628 0.082793 0.249112 0.125399
0 0.436661 0.954579 0.212782 0.087933
0 0.120707 0.711798 0.236009 0.15863
