0 0.960963 0.17265 0.077547 0.235928
0 0.959812 0.319694 0.079919 0.265576
0 0.378377 0.557864 0.228403 0.23379
0 0.809315 0.097993 0.357766 0.166755
0 0.691665 0.956173 0.166268 0.087654
0 0.232205 0.309088 0.309669 0.212386
0 0.932897 0.884091 0.054223 0.213495
0 0.259682 0.714639 0.161132 0.111852
0 0.11306 0.675087 0.109848 0.164348
0 0.973144 0.551638 0.053643 0.24485
0 0.423017 0.847365 0.148347 0.142086
0 0.761919 0.696884 0.390006 0.14757
0 0.656473 0.82489 0.210485 0.146972
0 0.033742 0.278447 0.060041 0.271161
0 0.201464 0.063538 0.276601 0.118124
0 0.868679 0.314606 0.076843 0.208463
0 0.244779 0.727574 0.189779 0.132118
0 0.534541 0.357264 0.376484 0.172738
0 0.589042 0.725232 0.357764 0.184669
0 0.503641 0.376525 0.324199 0.158047
0 0.26646 0.335501 0.241562 0.179977
0 0.025649 0.748035 0.051297 0.211737
0 0.164498 0.803262 0.169462 0.157104
0 0.971024 0.767412 0.057603 0.246652
0 0.302332 0.543626 0.384083 0.199338
0 0.300998 0.841992 0.112257 0.159442
