0 0.794895 0.438314 0.372311 0.17183
0 0.331759 0.441268 0.272361 0.176889
0 0.740944 0.772389 0.435028 0.250942
0 0.827528 0.109797 0.242423 0.194098
0 0.394481 0.188342 0.156288 0.201271
0 0.797478 0.951249 0.193916 0.097503
0 0.797376 0.096405 0.218122 0.173919
0 0.750949 0.322103 0.168181 0.119906
0 0.347409 0.152979 0.240655 0.248427
0 0.304845 0.124706 0.320913 0.2177
0 0.113614 0.685421 0.227229 0.199217
0 0.148648 0.694878 0.297296 0.207605
0 0.300688 0.676811 0.195023 0.224067
0 0.876563 0.136179 0.222437 0.240948
0 0.185944 0.087797 0.324439 0.175595
0 0.373391 0.067379 0.128642 0.112091
0 0.136707 0.086564 0.256577 0.173128
0 0.727941 0.331888 0.208449 0.133211
