0 0.796236 0.077311 0.197712 0.154621
0 0.844789 0.555179 0.2502 0.183158
0 0.514221 0.836892 0.145299 0.174739
0 0.258377 0.444079 0.226712 0.234799
0 0.417902 0.375231 0.104465 0.178141
0 0.221185 0.649807 0.178582 0.220091
0 0.285178 0.0854 0.327992 0.164283
0 0.828655 0.071999 0.247633 0.143997
0 0.815476 0.296809 0.356511 0.164237
0 0.754162 0.786415 0.210161 0.132294
0 0.29534 0.252309 0.228742 0.147634
0 0.871457 0.730308 0.256637 0.189313
0 0.409091 0.826045 0.063458 0.220277
0 0.581931 0.064311 0.237664 0.128623
0 0.308882 0.094158 0.241952 0.184423
0 0.925566 0.084175 0.145578 0.16835
0 0.908416 0.071 0.1686 0.142
0 0.029299 0.123135 0.058598 0.24627
0 0.924131 0.04785 0.131905 0.095699
0 0.480159 0.731215 0.075106 0.169652
