0 0.606132 0.117708 0.087264 0.156250
0 0.091981 0.636458 0.068396 0.118750
0 0.810142 0.907292 0.040094 0.181250
0 0.574292 0.931250 0.066038 0.129167
0 0.535967 0.431250 0.041274 0.066667
0 0.273585 0.550000 0.212264 0.141667
0 0.232901 0.452083 0.109670 0.075000
0 0.774764 0.479167 0.103774 0.091667
0 0.741156 0.766667 0.069575 0.362500
0 0.551297 0.554167 0.123821 0.066667
0 0.183962 0.863542 0.099057 0.239583
0 0.454599 0.800000 0.128538 0.137500
0 0.321934 0.788542 0.125000 0.139583
0 0.594340 0.505208 0.179245 0.072917
0 0.446344 0.468750 0.064858 0.183333
