0 0.95945 0.605047 0.080497 0.194517
0 0.688129 0.221023 0.070965 0.240733
0 0.956425 0.799789 0.086359 0.260068
0 0.450555 0.146237 0.24018 0.277287
0 0.514753 0.273359 0.096575 0.168199
0 0.488016 0.399056 0.186189 0.112595
0 0.609015 0.821543 0.110141 0.242464
0 0.907694 0.137337 0.184613 0.268416
0 0.693392 0.614908 0.136514 0.161967
0 0.19573 0.060705 0.265605 0.114494
0 0.933971 0.150252 0.132058 0.29639
0 0.023457 0.340505 0.046914 0.172933
0 0.263153 0.912155 0.455597 0.166144
0 0.450181 0.482774 0.204721 0.111738
0 0.211373 0.660886 0.388992 0.155604
0 0.096589 0.3077 0.084046 0.243441
0 0.476554 0.114893 0.203239 0.228657
0 0.291785 0.431661 0.195367 0.185386
0 0.552502 0.609803 0.219469 0.302433
0 0.18726 0.914675 0.356355 0.158747
