0 0.909812 0.9017 0.067496 0.185451
0 0.743814 0.114788 0.198666 0.156579
0 0.235347 0.716781 0.206875 0.145905
0 0.950069 0.38894 0.099863 0.237765
0 0.293185 0.264783 0.261633 0.146486
0 0.602505 0.553967 0.266854 0.154905
0 0.26657 0.250487 0.319313 0.170796
0 0.242633 0.52987 0.353225 0.182938
0 0.314278 0.262662 0.221045 0.113248
0 0.976828 0.604787 0.046115 0.216138
0 0.885619 0.058001 0.190177 0.116002
0 0.775264 0.702639 0.359285 0.147565
0 0.186768 0.816286 0.33759 0.20042
0 0.68479 0.957694 0.159322 0.084612
0 0.12684 0.840571 0.222018 0.153949
0 0.537334 0.365072 0.375838 0.192765
0 0.883072 0.65968 0.162752 0.110617
0 0.3283 0.55409 0.236678 0.222981
0 0.291051 0.551716 0.331996 0.210415
0 0.541598 0.739387 0.302513 0.181714
0 0.29817 0.905033 0.295134 0.159325
