0 0.794705 0.813683 0.208831 0.179006
0 0.787178 0.085828 0.234186 0.164279
0 0.51568 0.425621 0.252393 0.114453
0 0.640192 0.342609 0.191229 0.1488
0 0.349807 0.884294 0.340617 0.17464
0 0.455216 0.254016 0.272704 0.138602
0 0.590447 0.886604 0.20175 0.116811
0 0.923833 0.219904 0.151033 0.122478
0 0.933535 0.073856 0.127139 0.147713
0 0.433298 0.396124 0.210641 0.110452
0 0.045077 0.271663 0.081925 0.300137
0 0.483036 0.412514 0.289371 0.142592
0 0.798594 0.343169 0.402813 0.17304
0 0.239454 0.06474 0.240355 0.129479
0 0.330331 0.628254 0.372977 0.184843
0 0.314042 0.059 0.384115 0.110574
0 0.98302 0.467773 0.033699 0.185501
