0 0.95615 0.544635 0.087138 0.211148
0 0.319778 0.25103 0.331595 0.186293
0 0.52634 0.441787 0.237235 0.142946
0 0.472188 0.619585 0.206276 0.135321
0 0.676955 0.357298 0.098154 0.288372
0 0.15714 0.45653 0.31428 0.194267
0 0.822796 0.88341 0.227809 0.17384
0 0.825059 0.244223 0.349882 0.20119
0 0.81557 0.458716 0.172305 0.15548
0 0.86491 0.267648 0.268198 0.177316
0 0.338099 0.267667 0.250746 0.172631
0 0.342669 0.69753 0.404374 0.165777
0 0.680856 0.398193 0.090101 0.22118
0 0.942748 0.096505 0.111781 0.193011
0 0.157656 0.78667 0.201537 0.126028
0 0.032162 0.222234 0.058315 0.335808
0 0.413046 0.625522 0.315503 0.145863
0 0.839311 0.62084 0.165256 0.153168
