0 0.336675 0.202083 0.140330 0.091667
0 0.708137 0.372917 0.097877 0.070833
0 0.810142 0.898958 0.049528 0.197917
0 0.356722 0.434375 0.095519 0.060417
0 0.100825 0.634375 0.055425 0.097917
0 0.525943 0.693750 0.172170 0.200000
0 0.167453 0.858333 0.188679 0.266667
0 0.255896 0.423958 0.110849 0.089583
0 0.544811 0.913542 0.122642 0.089583
0 0.366745 0.497917 0.108491 0.066667
0 0.536557 0.420833 0.044811 0.054167
0 0.614976 0.519792 0.126179 0.081250
0 0.255896 0.536458 0.160377 0.122917
0 0.355542 0.742708 0.137972 0.139583
0 0.443986 0.505208 0.156840 0.081250
0 0.762972 0.697917 0.082547 0.183333
