0 0.965232 0.604657 0.069141 0.244483
0 0.474439 0.61407 0.230857 0.143356
0 0.665156 0.153903 0.042593 0.058876
0 0.33852 0.913409 0.298461 0.154354
0 0.695533 0.442305 0.157497 0.164096
0 0.03235 0.290947 0.0647 0.303097
0 0.960894 0.816653 0.077873 0.254229
0 0.856931 0.282071 0.151685 0.160228
0 0.282566 0.39634 0.273043 0.134755
0 0.148838 0.357933 0.149361 0.245825
0 0.630604 0.810263 0.391338 0.20603
0 0.089486 0.781759 0.165779 0.181005
0 0.481014 0.205758 0.337574 0.178452
0 0.95682 0.391366 0.086333 0.23972
0 0.92172 0.139076 0.156559 0.269707
0 0.025615 0.766176 0.051229 0.213636
0 0.722179 0.388463 0.19112 0.21132
0 0.371396 0.7001 0.234753 0.111378
0 0.294175 0.416527 0.294696 0.141083
0 0.842148 0.876948 0.066571 0.090003
0 0.943351 0.153394 0.113221 0.286224
0 0.593232 0.12647 0.15732 0.167523
0 0.2173 0.064213 0.335236 0.122423
0 0.420099 0.611445 0.331008 0.138617
0 0.104024 0.529741 0.188329 0.160105
