0 0.368864 0.709329 0.096895 0.194973
0 0.859341 0.554707 0.227738 0.156183
0 0.382753 0.416086 0.151441 0.167929
0 0.219856 0.713122 0.222295 0.168732
0 0.82451 0.088725 0.21328 0.177451
0 0.343604 0.868742 0.240671 0.142469
0 0.528042 0.857611 0.126064 0.170414
0 0.299138 0.543797 0.221137 0.193767
0 0.344985 0.066308 0.384319 0.131223
0 0.804563 0.882313 0.212065 0.110372
0 0.469817 0.214492 0.21327 0.255415
0 0.803676 0.300418 0.392649 0.171339
0 0.518886 0.474655 0.131601 0.210006
0 0.940412 0.089769 0.117712 0.179538
0 0.54602 0.490183 0.167462 0.238726
0 0.254614 0.477523 0.300725 0.235719
0 0.798102 0.715425 0.366927 0.174145
0 0.495544 0.043735 0.243638 0.087471
0 0.037418 0.48754 0.074837 0.267868
