0 0.332547 0.870835 0.123301 0.218983
0 0.208121 0.089677 0.117089 0.164031
0 0.157461 0.085975 0.218836 0.17195
0 0.368134 0.595768 0.18826 0.270314
0 0.844805 0.09029 0.249947 0.170352
0 0.541559 0.393886 0.227319 0.138298
0 0.108401 0.348209 0.199772 0.32321
0 0.286831 0.175832 0.205223 0.190033
0 0.813512 0.32604 0.372977 0.155882
0 0.862838 0.616372 0.226775 0.190398
0 0.827307 0.785449 0.345386 0.174496
0 0.63873 0.543728 0.253514 0.202461
0 0.505646 0.660117 0.118151 0.140194
0 0.253561 0.339759 0.199059 0.182759
0 0.874706 0.119469 0.196195 0.208274
0 0.538692 0.888292 0.081512 0.20426
0 0.533412 0.416638 0.217775 0.164882
0 0.336708 0.17525 0.196425 0.194317
