0 0.133255 0.634375 0.051887 0.106250
0 0.392689 0.246875 0.049528 0.189583
0 0.280071 0.604167 0.095519 0.295833
0 0.935142 0.612500 0.077830 0.150000
0 0.553656 0.511458 0.201651 0.077083
0 0.280660 0.412500 0.103774 0.087500
0 0.769458 0.910417 0.147406 0.179167
0 0.718160 0.467708 0.061321 0.181250
0 0.419811 0.855208 0.058962 0.185417
0 0.655071 0.440625 0.114387 0.081250
0 0.795991 0.498958 0.077830 0.114583
0 0.427476 0.564583 0.208726 0.095833
0 0.418042 0.238542 0.034198 0.177083
0 0.553656 0.311458 0.071934 0.056250
