0 0.535352 0.431089 0.137649 0.166728
0 0.800319 0.542703 0.157135 0.17617
0 0.832213 0.548716 0.225891 0.182431
0 0.368473 0.689258 0.100352 0.193683
0 0.495796 0.840127 0.064087 0.186817
0 0.29598 0.437015 0.300559 0.318588
0 0.848233 0.068379 0.256105 0.136366
0 0.299256 0.276569 0.163695 0.162785
0 0.600021 0.587911 0.225467 0.181709
0 0.534113 0.79605 0.138606 0.264651
0 0.803619 0.337414 0.392761 0.19294
0 0.047651 0.285008 0.09198 0.250286
0 0.276039 0.268041 0.202438 0.183428
0 0.876429 0.727113 0.247142 0.183545
0 0.870537 0.084734 0.254633 0.169469
0 0.956358 0.112932 0.08685 0.204041
0 0.75918 0.726505 0.338259 0.174658
0 0.918597 0.717435 0.162042 0.182053
0 0.330418 0.472331 0.251861 0.257554
