0 0.182091 0.09375 0.061298 0.114224
0 0.434495 0.081897 0.044471 0.094828
0 0.401442 0.30819 0.038462 0.073276
0 0.363582 0.520474 0.135817 0.096983
0 0.262019 0.543103 0.088942 0.064655
0 0.227163 0.690733 0.115385 0.092672
0 0.346154 0.765086 0.088942 0.125
0 0.141827 0.759698 0.09375 0.096983
0 0.251202 0.897629 0.079327 0.204741
0 0.165264 0.94181 0.08774 0.103448
0 0.060697 0.963362 0.11899 0.073276
0 0.055889 0.822198 0.109375 0.135776
0 0.144231 0.585129 0.132212 0.131466
0 0.115986 0.465517 0.06851 0.107759
0 0.069712 0.130388 0.028846 0.096983
0 0.028245 0.175647 0.054087 0.096983
0 0.090745 0.034483 0.051683 0.064655
0 0.352764 0.021552 0.030048 0.038793
0 0.730769 0.126078 0.055288 0.079741
0 0.786058 0.15625 0.072115 0.084052
0 0.967548 0.215517 0.064904 0.181034
0 0.801082 0.510776 0.159856 0.051724
0 0.641226 0.447198 0.03726 0.079741
0 0.629808 0.525862 0.088942 0.056034
0 0.702524 0.53125 0.039663 0.079741
0 0.729567 0.439655 0.043269 0.086207
0 0.688101 0.457974 0.039663 0.053879
0 0.525841 0.43319 0.039663 0.051724
0 0.486779 0.570043 0.088942 0.144397
0 0.509014 0.577586 0.049279 0.068966
0 0.481971 0.741379 0.084135 0.077586
0 0.489784 0.830819 0.133413 0.088362
0 0.682091 0.695043 0.090144 0.114224
0 0.736779 0.747845 0.072115 0.077586
0 0.814904 0.755388 0.103365 0.079741
0 0.864183 0.6875 0.105769 0.086207
0 0.95012 0.582974 0.078125 0.075431
0 0.871394 0.835129 0.060096 0.170259
0 0.789663 0.894397 0.086538 0.12931
0 0.722356 0.912716 0.069712 0.127155
0 0.941106 0.949353 0.0625 0.101293
0 0.971755 0.894397 0.05649 0.099138
0 0.938101 0.752155 0.046875 0.202586
0 0.334736 0.677802 0.054087 0.101293
0 0.284856 0.601293 0.132212 0.068966
0 0.358774 0.957974 0.097356 0.084052
0 0.173077 0.836207 0.084135 0.081897
0 0.045072 0.607759 0.082933 0.176724
0 0.521034 0.675647 0.135817 0.079741
0 0.611178 0.604526 0.135817 0.101293
0 0.720553 0.607759 0.082933 0.086207
0 0.798678 0.615302 0.126202 0.0625
0 0.804688 0.553879 0.143029 0.038793
0 0.804688 0.475216 0.063702 0.049569
0 0.984375 0.783405 0.03125 0.092672
0 0.965745 0.677802 0.06851 0.071121
0 0.66226 0.838362 0.036058 0.163793
0 0.610577 0.872845 0.076923 0.137931
0 0.591947 0.779095 0.094952 0.06681
0 0.557091 0.496767 0.030048 0.088362
