0 0.538196 0.898116 0.080465 0.168163
0 0.548093 0.438972 0.186644 0.127668
0 0.401309 0.512168 0.258791 0.277885
0 0.590304 0.561598 0.186175 0.139561
0 0.323294 0.138494 0.266845 0.204065
0 0.035556 0.294951 0.071112 0.27112
0 0.85415 0.074824 0.271418 0.141799
0 0.159175 0.551722 0.31835 0.193452
0 0.370074 0.18259 0.190646 0.285821
0 0.276814 0.108988 0.351156 0.204348
0 0.815 0.072425 0.185102 0.139723
0 0.82161 0.36779 0.35678 0.188784
0 0.800034 0.850687 0.241824 0.200389
0 0.339332 0.170315 0.245431 0.29289
0 0.848114 0.340264 0.303771 0.155765
0 0.742378 0.802237 0.214057 0.168458
0 0.817334 0.861677 0.19933 0.168399
0 0.831658 0.604314 0.336685 0.121519
0 0.885481 0.330983 0.229038 0.154475
0 0.846525 0.61432 0.30695 0.16639
0 0.223273 0.088177 0.366292 0.173771
0 0.514197 0.725463 0.153453 0.302243
0 0.784763 0.805349 0.294357 0.181355
0 0.521228 0.752687 0.15083 0.22786
