0 0.049476 0.57958 0.098698 0.16428
0 0.765712 0.428253 0.237845 0.114538
0 0.209009 0.287957 0.282925 0.172106
0 0.73834 0.136348 0.242041 0.157161
0 0.977055 0.586952 0.045779 0.235216
0 0.973234 0.773986 0.052821 0.185997
0 0.65264 0.52667 0.229713 0.141884
0 0.918181 0.885763 0.064302 0.1982
0 0.981434 0.595441 0.037133 0.188678
0 0.321624 0.049263 0.140761 0.098526
0 0.565225 0.335174 0.4067 0.199605
0 0.714806 0.754918 0.361384 0.210303
0 0.307809 0.557771 0.386309 0.155084
0 0.480898 0.593032 0.221606 0.163566
0 0.601556 0.539204 0.244412 0.1454
0 0.943965 0.145915 0.1115 0.29183
0 0.215799 0.057271 0.320312 0.103941
0 0.071719 0.855711 0.143438 0.257684
0 0.236628 0.304556 0.230605 0.177884
0 0.169718 0.842399 0.121351 0.189355
0 0.587729 0.742 0.433884 0.175823
0 0.377711 0.661831 0.233344 0.107318
