0 0.037514 0.740357 0.075029 0.197511
0 0.196154 0.718426 0.08942 0.265051
0 0.25741 0.334992 0.229069 0.14416
0 0.973346 0.774928 0.053031 0.242204
0 0.977329 0.54215 0.045342 0.212509
0 0.829051 0.078131 0.341898 0.142891
0 0.148561 0.289321 0.172618 0.101284
0 0.69145 0.955067 0.162077 0.087812
0 0.761634 0.694825 0.398259 0.146766
0 0.586305 0.905823 0.106989 0.169243
0 0.661693 0.47427 0.213382 0.113498
0 0.45008 0.554595 0.212047 0.266099
0 0.410927 0.531117 0.295494 0.224649
0 0.83773 0.351047 0.113627 0.258392
0 0.844435 0.123991 0.311129 0.242551
0 0.036478 0.535916 0.072955 0.266549
0 0.939021 0.133702 0.121876 0.267403
0 0.736218 0.412159 0.177251 0.14475
0 0.280209 0.8655 0.07032 0.201607
0 0.470667 0.778207 0.257854 0.194193
