0 0.740566 0.627083 0.051887 0.225000
0 0.094340 0.636458 0.063679 0.110417
0 0.574292 0.920833 0.082547 0.141667
0 0.240566 0.457292 0.141509 0.085417
0 0.266509 0.321875 0.040094 0.081250
0 0.533608 0.548958 0.152123 0.081250
0 0.265920 0.250000 0.057783 0.058333
0 0.770637 0.469792 0.109670 0.106250
0 0.179245 0.862500 0.153302 0.275000
0 0.809552 0.910417 0.045991 0.175000
0 0.386792 0.066667 0.037736 0.058333
0 0.278892 0.545833 0.182783 0.091667
0 0.376179 0.704167 0.169811 0.158333
0 0.308962 0.913542 0.075472 0.172917
0 0.582547 0.504167 0.146226 0.075000
