0 0.364148 0.894 0.166567 0.164533
0 0.7708 0.414518 0.365109 0.173047
0 0.708068 0.774621 0.403784 0.178077
0 0.382275 0.218551 0.227286 0.251975
0 0.276989 0.436333 0.370583 0.184293
0 0.342376 0.219601 0.330936 0.251652
0 0.543232 0.311545 0.132708 0.303651
0 0.279958 0.695305 0.083287 0.261116
0 0.759763 0.090603 0.151067 0.165942
0 0.550522 0.620128 0.1549 0.143297
0 0.834195 0.621967 0.069312 0.164828
0 0.788631 0.952235 0.175554 0.09553
0 0.885515 0.89986 0.09522 0.15747
0 0.40014 0.276489 0.205604 0.257026
0 0.77383 0.43516 0.287762 0.186852
0 0.961979 0.567731 0.075579 0.22596
0 0.552208 0.279542 0.125 0.249962
0 0.800297 0.090799 0.229515 0.171678
0 0.023208 0.384193 0.046417 0.178599
0 0.932597 0.218156 0.080014 0.219343
0 0.264066 0.265337 0.257542 0.149676
