0 0.390968 0.864244 0.099967 0.211827
0 0.333514 0.159746 0.245138 0.268867
0 0.906696 0.887459 0.051034 0.191208
0 0.506194 0.878169 0.158773 0.215698
0 0.571494 0.642747 0.101797 0.252944
0 0.149292 0.642212 0.298583 0.241131
0 0.278097 0.901892 0.101157 0.17383
0 0.852164 0.095333 0.260931 0.164489
0 0.869841 0.116843 0.254098 0.202947
0 0.284174 0.494387 0.22834 0.245132
0 0.75842 0.387631 0.40406 0.161285
0 0.55441 0.696635 0.107943 0.164516
0 0.464731 0.670981 0.07152 0.251147
0 0.749276 0.959312 0.242648 0.079965
