0 0.127948 0.926042 0.055425 0.135417
0 0.292453 0.336458 0.042453 0.102083
0 0.197524 0.329167 0.149764 0.066667
0 0.229953 0.418750 0.216981 0.100000
0 0.775354 0.355208 0.045991 0.085417
0 0.368514 0.493750 0.123821 0.154167
0 0.558373 0.901042 0.041274 0.193750
0 0.376179 0.343750 0.117925 0.133333
0 0.754717 0.456250 0.035377 0.183333
0 0.609670 0.440625 0.167453 0.097917
0 0.622642 0.741667 0.091981 0.125000
0 0.735259 0.732292 0.102594 0.106250
0 0.773585 0.843750 0.049528 0.312500
0 0.572524 0.336458 0.076651 0.072917
0 0.824292 0.839583 0.044811 0.220833
