0 0.967979 0.91086 0.063526 0.166763
0 0.793263 0.344708 0.351956 0.192016
0 0.906469 0.582043 0.053378 0.232421
0 0.389221 0.760416 0.102192 0.287639
0 0.640291 0.557508 0.257069 0.168856
0 0.819583 0.779298 0.360835 0.180436
0 0.131051 0.527471 0.254194 0.153266
0 0.980842 0.448468 0.038129 0.288775
0 0.562898 0.905143 0.052299 0.167619
0 0.230808 0.099659 0.333318 0.190827
0 0.149494 0.586161 0.215301 0.268161
0 0.265203 0.132861 0.267494 0.193266
0 0.430891 0.312863 0.240076 0.151589
0 0.866307 0.315512 0.207314 0.11692
0 0.806655 0.073477 0.135523 0.146954
0 0.417261 0.232284 0.288522 0.288756
0 0.855449 0.208262 0.136347 0.10442
0 0.622806 0.596469 0.24684 0.20838
0 0.933727 0.136538 0.132546 0.266945
0 0.089335 0.348645 0.091737 0.164878
0 0.405837 0.516062 0.123397 0.273877
