0 0.511369 0.430524 0.255082 0.125818
0 0.796704 0.091884 0.231272 0.167734
0 0.796976 0.826211 0.203701 0.170763
0 0.042151 0.838223 0.083876 0.12382
0 0.810678 0.330709 0.352019 0.201352
0 0.252921 0.722828 0.391408 0.191974
0 0.54356 0.882418 0.113307 0.192005
0 0.309538 0.528114 0.329844 0.146905
0 0.240887 0.33566 0.231954 0.189045
0 0.918561 0.054188 0.119045 0.104971
0 0.258809 0.059543 0.375384 0.11615
0 0.972654 0.466782 0.054444 0.202013
0 0.479713 0.418738 0.265806 0.142771
0 0.373162 0.239854 0.205046 0.189568
0 0.03574 0.527148 0.071481 0.27454
0 0.318256 0.749535 0.220201 0.129114
0 0.752062 0.598464 0.32369 0.227992
0 0.376845 0.54669 0.232942 0.160566
