0 0.548939 0.357292 0.041274 0.114583
0 0.363208 0.287500 0.082547 0.054167
0 0.117925 0.619792 0.054245 0.110417
0 0.629717 0.416667 0.082547 0.070833
0 0.978184 0.518750 0.043632 0.237500
0 0.733491 0.509375 0.162736 0.089583
0 0.576651 0.681250 0.129717 0.204167
0 0.823113 0.778125 0.049528 0.172917
0 0.308962 0.677083 0.209906 0.162500
0 0.431014 0.733333 0.060142 0.204167
0 0.235259 0.466667 0.119104 0.141667
0 0.337854 0.522917 0.182783 0.087500
0 0.357901 0.433333 0.185142 0.100000
0 0.679245 0.959375 0.047170 0.077083
0 0.522995 0.072917 0.048349 0.141667
