0 0.777918 0.859492 0.209377 0.165342
0 0.201607 0.361639 0.076269 0.25214
0 0.471529 0.886537 0.058436 0.18155
0 0.371883 0.115081 0.209077 0.227024
0 0.494034 0.404241 0.08257 0.283201
0 0.109927 0.950313 0.086243 0.098915
0 0.038055 0.506882 0.076111 0.198901
0 0.158052 0.697195 0.316104 0.240663
0 0.745657 0.419787 0.345309 0.176355
0 0.924545 0.568392 0.069178 0.260717
0 0.834487 0.094557 0.235398 0.170743
0 0.684791 0.678633 0.397657 0.210295
0 0.156027 0.729575 0.286629 0.213729
0 0.710561 0.656557 0.35135 0.176119
0 0.792079 0.444295 0.263275 0.165575
0 0.133633 0.089252 0.228447 0.176186
0 0.343062 0.436375 0.252634 0.15558
0 0.26868 0.107714 0.201981 0.215428
0 0.938652 0.367216 0.12203 0.34825
0 0.29709 0.113682 0.166762 0.227365
