0 0.485057 0.31246 0.205941 0.185609
0 0.854659 0.827495 0.169662 0.241168
0 0.276434 0.255671 0.16134 0.166461
0 0.040321 0.548624 0.080642 0.290364
0 0.496876 0.454088 0.258276 0.175103
0 0.564669 0.882429 0.112418 0.182368
0 0.840537 0.351192 0.316031 0.188221
0 0.818414 0.069114 0.359382 0.129293
0 0.225209 0.284154 0.293923 0.242205
0 0.767067 0.283847 0.171123 0.110946
0 0.285993 0.07116 0.36227 0.12962
0 0.223323 0.748766 0.385678 0.181143
0 0.863416 0.070395 0.228951 0.131276
0 0.441 0.41652 0.173172 0.112073
0 0.885419 0.336332 0.222841 0.201764
