0 0.965924 0.596948 0.067698 0.24307
0 0.956408 0.828284 0.086636 0.205115
0 0.691433 0.067326 0.183728 0.132086
0 0.863434 0.100051 0.221303 0.200102
0 0.2676 0.230956 0.269043 0.149784
0 0.703236 0.705034 0.408273 0.218348
0 0.244697 0.545288 0.251943 0.152104
0 0.889106 0.368723 0.216433 0.170987
0 0.573628 0.245717 0.37452 0.162809
0 0.161851 0.778921 0.323701 0.221491
0 0.377506 0.397759 0.247399 0.176683
0 0.161515 0.364759 0.211333 0.148574
0 0.729651 0.666368 0.322224 0.1712
0 0.024937 0.164594 0.047249 0.296345
0 0.239228 0.370444 0.360281 0.160707
0 0.956428 0.358304 0.087143 0.190538
0 0.73746 0.641938 0.301765 0.136089
0 0.495141 0.881331 0.3809 0.186428
0 0.202335 0.742618 0.404671 0.174908
0 0.243786 0.525084 0.32193 0.146118
0 0.268227 0.734971 0.470032 0.175942
0 0.726664 0.422864 0.155982 0.187264
0 0.430048 0.42211 0.23637 0.182494
0 0.353662 0.388861 0.366701 0.169906
