0 0.21274 0.323276 0.048077 0.077586
0 0.109976 0.268319 0.015625 0.036638
0 0.105769 0.366379 0.043269 0.047414
0 0.047476 0.519397 0.044471 0.077586
0 0.07512 0.206897 0.145433 0.193966
0 0.804087 0.189655 0.038462 0.150862
0 0.819712 0.390086 0.028846 0.077586
0 0.832933 0.424569 0.024038 0.051724
0 0.884014 0.431034 0.044471 0.086207
0 0.968149 0.439655 0.063702 0.094828
0 0.909255 0.09375 0.018029 0.071121
0 0.972356 0.090517 0.033654 0.081897
0 0.551683 0.368534 0.084135 0.073276
0 0.460337 0.331897 0.03125 0.030172
0 0.569712 0.44181 0.040865 0.034483
0 0.445312 0.551724 0.078125 0.073276
0 0.355168 0.55819 0.044471 0.073276
0 0.273438 0.476293 0.15024 0.077586
0 0.271635 0.59375 0.122596 0.114224
0 0.112981 0.551724 0.072115 0.12069
0 0.054688 0.622845 0.106971 0.064655
0 0.094351 0.732759 0.126202 0.12931
0 0.210337 0.731681 0.086538 0.084052
0 0.283654 0.738147 0.074519 0.071121
0 0.35637 0.672414 0.085337 0.051724
0 0.396034 0.646552 0.044471 0.043103
0 0.385817 0.703664 0.067308 0.05819
0 0.432091 0.732759 0.039663 0.125
0 0.385216 0.774784 0.080529 0.06681
0 0.415865 0.852371 0.064904 0.105603
0 0.336538 0.898707 0.084135 0.073276
0 0.389423 0.939655 0.072115 0.103448
0 0.414062 0.953664 0.03726 0.092672
0 0.610577 0.747845 0.262019 0.094828
0 0.802885 0.517241 0.096154 0.137931
0 0.655649 0.575431 0.054087 0.056034
0 0.698918 0.574353 0.070913 0.071121
0 0.599159 0.588362 0.094952 0.099138
0 0.525841 0.616379 0.070913 0.099138
0 0.86899 0.536638 0.074519 0.094828
0 0.879207 0.631466 0.082933 0.099138
0 0.953726 0.59375 0.090144 0.122845
0 0.847957 0.884698 0.176683 0.161638
0 0.870793 0.765086 0.174279 0.068966
0 0.79988 0.679957 0.097356 0.0625
0 0.714543 0.692888 0.034856 0.079741
0 0.667668 0.695043 0.042067 0.049569
0 0.607572 0.670259 0.05649 0.073276
0 0.217548 0.927802 0.043269 0.144397
0 0.218149 0.821121 0.046875 0.077586
0 0.080529 0.834052 0.103365 0.081897
0 0.021635 0.865302 0.040865 0.075431
0 0.090745 0.971983 0.143029 0.056034
0 0.167067 0.931034 0.084135 0.103448
0 0.264423 0.965517 0.055288 0.068966
0 0.321514 0.75 0.05649 0.060345
0 0.152043 0.625 0.09976 0.060345
0 0.676082 0.946121 0.147837 0.103448
0 0.617788 0.806034 0.134615 0.077586
0 0.504808 0.832974 0.105769 0.05819
0 0.541466 0.90625 0.097356 0.118534
0 0.668269 0.846983 0.175481 0.077586
