0 0.29983 0.386918 0.126312 0.163214
0 0.049637 0.448897 0.098814 0.15766
0 0.55339 0.807383 0.142798 0.250992
0 0.570005 0.449428 0.141387 0.168889
0 0.846586 0.571124 0.167665 0.134124
0 0.359104 0.588759 0.232641 0.266709
0 0.854294 0.06252 0.286229 0.124693
0 0.797905 0.328253 0.404191 0.189911
0 0.886738 0.692621 0.226525 0.215552
0 0.873802 0.081826 0.247058 0.163653
0 0.192321 0.8502 0.159124 0.181063
0 0.270966 0.396006 0.186232 0.178915
0 0.219437 0.843119 0.208422 0.17448
0 0.422038 0.769726 0.099216 0.24385
0 0.403636 0.209025 0.407379 0.211489
0 0.223364 0.246188 0.238928 0.125534
0 0.545609 0.455857 0.191673 0.171712
0 0.40493 0.478832 0.223998 0.117418
0 0.863131 0.717607 0.26977 0.196091
0 0.935425 0.109881 0.128208 0.219761
