0 0.962133 0.600018 0.075421 0.240164
0 0.208023 0.896916 0.148679 0.167411
0 0.966267 0.82129 0.067058 0.251288
0 0.472048 0.622962 0.246888 0.171193
0 0.221569 0.097373 0.208143 0.178166
0 0.241369 0.275591 0.056786 0.142287
0 0.298104 0.416187 0.289289 0.145999
0 0.453131 0.194367 0.307458 0.206025
0 0.108134 0.799519 0.162827 0.170423
0 0.275715 0.40109 0.255702 0.146582
0 0.80216 0.864295 0.093063 0.094247
0 0.029091 0.29079 0.058182 0.303585
0 0.957417 0.192961 0.084779 0.265013
0 0.602502 0.813588 0.424867 0.197668
0 0.160634 0.057735 0.20991 0.11547
0 0.143598 0.341447 0.148317 0.258659
0 0.674187 0.40178 0.149237 0.215514
0 0.541446 0.127961 0.174875 0.131816
0 0.7568 0.380119 0.157208 0.14724
0 0.512733 0.905908 0.409896 0.165001
0 0.086252 0.515851 0.169718 0.134534
