0 0.40024 0.549569 0.033654 0.146552
0 0.473558 0.475216 0.105769 0.096983
0 0.703125 0.106681 0.120192 0.131466
0 0.170673 0.247845 0.052885 0.043103
0 0.162861 0.417026 0.05649 0.075431
0 0.408053 0.336207 0.157452 0.137931
0 0.475962 0.352371 0.060096 0.092672
0 0.107572 0.752155 0.13101 0.125
0 0.064904 0.717672 0.125 0.060345
0 0.274038 0.716595 0.064904 0.114224
0 0.326923 0.739224 0.067308 0.043103
0 0.363582 0.741379 0.111779 0.284483
0 0.510817 0.912716 0.098558 0.174569
0 0.569111 0.751078 0.046875 0.109914
0 0.626803 0.684267 0.13101 0.101293
0 0.510817 0.622845 0.108173 0.125
0 0.479567 0.540948 0.125 0.086207
0 0.447115 0.735991 0.064904 0.148707
0 0.358774 0.576509 0.06851 0.071121
0 0.189303 0.81681 0.234375 0.112069
0 0.177885 0.9375 0.09375 0.125
0 0.102163 0.934267 0.100962 0.109914
0 0.296875 0.948276 0.100962 0.103448
0 0.418269 0.894397 0.09375 0.081897
0 0.64363 0.903017 0.157452 0.181034
0 0.566707 0.895474 0.046875 0.148707
0 0.604567 0.545259 0.074519 0.181034
0 0.807692 0.710129 0.201923 0.06681
0 0.786058 0.796336 0.120192 0.088362
0 0.903846 0.789871 0.153846 0.079741
0 0.838942 0.921336 0.252404 0.144397
0 0.884615 0.364224 0.079327 0.181034
0 0.838341 0.487069 0.05649 0.146552
0 0.792067 0.545259 0.117788 0.099138
0 0.694712 0.512931 0.103365 0.090517
0 0.980168 0.336207 0.039663 0.103448
0 0.887019 0.498922 0.028846 0.079741
0 0.846154 0.071121 0.045673 0.068966
0 0.225962 0.641164 0.144231 0.06681
0 0.082332 0.65625 0.16226 0.053879
0 0.923678 0.631466 0.039663 0.155172
0 0.972356 0.697198 0.055288 0.084052
0 0.969952 0.483836 0.038462 0.05819
0 0.953726 0.579741 0.092548 0.133621
0 0.69351 0.612069 0.088942 0.064655
0 0.808894 0.616379 0.194712 0.073276
0 0.28125 0.835129 0.0625 0.0625
0 0.022236 0.983836 0.042067 0.028017
0 0.047476 0.889009 0.090144 0.053879
0 0.983173 0.907328 0.028846 0.060345
0 0.98738 0.954741 0.02524 0.068966
