0 0.965708 0.590131 0.068128 0.245586
0 0.961475 0.815494 0.076653 0.243819
0 0.412442 0.108727 0.092225 0.176912
0 0.121562 0.366727 0.111046 0.23613
0 0.098006 0.96588 0.174088 0.068239
0 0.677292 0.458182 0.183308 0.1838
0 0.273352 0.401895 0.246524 0.162397
0 0.331855 0.915933 0.2867 0.156516
0 0.033015 0.285103 0.066029 0.298707
0 0.557754 0.15504 0.160256 0.131231
0 0.741456 0.388309 0.176367 0.131905
0 0.35971 0.111078 0.198089 0.181252
0 0.715978 0.331094 0.1378 0.098209
0 0.589368 0.740293 0.372542 0.174756
0 0.024264 0.768316 0.048527 0.217109
0 0.805363 0.831375 0.090504 0.089153
0 0.092651 0.521042 0.183626 0.142987
0 0.953613 0.354696 0.092535 0.259928
0 0.955457 0.191967 0.088689 0.260912
0 0.133705 0.344197 0.125907 0.257482
0 0.263874 0.067528 0.396326 0.126693
0 0.552131 0.784902 0.428814 0.242538
