0 0.195312 0.356681 0.104567 0.109914
0 0.305288 0.210129 0.052885 0.075431
0 0.475962 0.262931 0.117788 0.034483
0 0.697716 0.453664 0.05649 0.084052
0 0.736779 0.532328 0.028846 0.125
0 0.957933 0.422414 0.038462 0.112069
0 0.933894 0.657328 0.108173 0.094828
0 0.792668 0.679957 0.121394 0.101293
0 0.821514 0.815733 0.174279 0.109914
0 0.641226 0.737069 0.155048 0.077586
0 0.558293 0.604526 0.135817 0.096983
0 0.140024 0.591595 0.114183 0.105603
0 0.087139 0.644397 0.16226 0.090517
0 0.190505 0.814655 0.138221 0.077586
0 0.237981 0.875 0.067308 0.12069
0 0.385216 0.881466 0.092548 0.094828
0 0.35637 0.965517 0.106971 0.068966
0 0.365986 0.764009 0.111779 0.06681
0 0.429087 0.72306 0.0625 0.084052
0 0.498798 0.748922 0.141827 0.05819
0 0.560096 0.685345 0.091346 0.081897
0 0.350361 0.609914 0.080529 0.116379
0 0.252404 0.647629 0.134615 0.053879
0 0.233173 0.743534 0.069712 0.073276
0 0.077524 0.877155 0.054087 0.038793
0 0.082933 0.799569 0.127404 0.094828
0 0.129207 0.728448 0.09976 0.107759
0 0.177885 0.956897 0.139423 0.068966
0 0.460337 0.556034 0.060096 0.056034
0 0.466346 0.630388 0.052885 0.071121
0 0.603966 0.533405 0.049279 0.096983
0 0.835337 0.518319 0.045673 0.053879
0 0.885216 0.551724 0.02524 0.107759
0 0.942308 0.738147 0.110577 0.105603
0 0.864183 0.617457 0.086538 0.06681
0 0.864784 0.435345 0.044471 0.047414
0 0.34976 0.700431 0.139423 0.073276
0 0.566106 0.894397 0.141827 0.086207
0 0.557091 0.949353 0.102163 0.096983
0 0.795673 0.959052 0.177885 0.081897
0 0.861779 0.899784 0.213942 0.135776
0 0.678486 0.828664 0.092548 0.088362
0 0.46274 0.836207 0.045673 0.103448
0 0.466346 0.953664 0.055288 0.084052
0 0.040264 0.572198 0.049279 0.036638
0 0.201923 0.510776 0.036058 0.068966
0 0.683894 0.628233 0.096154 0.092672
0 0.587139 0.807112 0.080529 0.075431
0 0.280649 0.824353 0.027644 0.096983
0 0.316106 0.898707 0.067308 0.056034
