0 0.454928 0.226293 0.16226 0.112069
0 0.709135 0.258621 0.120192 0.077586
0 0.887019 0.048491 0.067308 0.071121
0 0.844351 0.447198 0.05649 0.127155
0 0.905649 0.415948 0.08774 0.077586
0 0.942909 0.668103 0.114183 0.077586
0 0.828125 0.654095 0.175481 0.122845
0 0.709135 0.510776 0.048077 0.103448
0 0.766827 0.505388 0.084135 0.06681
0 0.329928 0.264009 0.078125 0.071121
0 0.280649 0.40194 0.044471 0.079741
0 0.06851 0.318966 0.069712 0.060345
0 0.108774 0.382543 0.063702 0.079741
0 0.147236 0.169181 0.082933 0.200431
0 0.051082 0.116379 0.09976 0.181034
0 0.10637 0.440733 0.121394 0.127155
0 0.083534 0.512931 0.092548 0.077586
0 0.259014 0.536638 0.070913 0.073276
0 0.201322 0.579741 0.085337 0.068966
0 0.23137 0.642241 0.109375 0.068966
0 0.324519 0.626078 0.096154 0.0625
0 0.396635 0.575431 0.088942 0.107759
0 0.435697 0.622845 0.046875 0.047414
0 0.514423 0.554957 0.086538 0.06681
0 0.606971 0.553879 0.076923 0.073276
0 0.634615 0.534483 0.048077 0.107759
0 0.605769 0.470905 0.038462 0.096983
0 0.516226 0.494612 0.044471 0.109914
0 0.52524 0.420259 0.081731 0.051724
0 0.108173 0.618534 0.096154 0.081897
0 0.111178 0.584052 0.05649 0.043103
0 0.198918 0.721983 0.109375 0.081897
0 0.334736 0.820043 0.11899 0.088362
0 0.201923 0.931034 0.199519 0.086207
0 0.402043 0.934267 0.075721 0.131466
0 0.499399 0.949353 0.11899 0.05819
0 0.508413 0.744612 0.072115 0.109914
0 0.600962 0.659483 0.079327 0.077586
0 0.673678 0.692888 0.066106 0.101293
0 0.701923 0.758621 0.0625 0.090517
0 0.773438 0.762931 0.063702 0.155172
0 0.850962 0.90194 0.122596 0.0625
0 0.769832 0.931034 0.03726 0.12931
0 0.694111 0.913793 0.06851 0.155172
0 0.572115 0.815733 0.127404 0.045259
0 0.527043 0.865302 0.116587 0.071121
0 0.447115 0.8125 0.038462 0.073276
0 0.423077 0.738147 0.098558 0.06681
0 0.329327 0.681034 0.103365 0.068966
0 0.084135 0.817888 0.151442 0.109914
0 0.073317 0.701509 0.144231 0.092672
0 0.105769 0.90194 0.055288 0.101293
0 0.628005 0.882543 0.054087 0.105603
0 0.698918 0.604526 0.070913 0.084052
0 0.539062 0.636853 0.116587 0.079741
0 0.904447 0.788793 0.058894 0.077586
0 0.842548 0.787716 0.048077 0.101293
0 0.969351 0.783405 0.061298 0.0625
0 0.974159 0.876078 0.051683 0.0625
0 0.960938 0.546336 0.078125 0.114224
0 0.838341 0.563578 0.18149 0.049569
0 0.705529 0.431034 0.088942 0.056034
