0 0.161557 0.254167 0.099057 0.075000
0 0.807193 0.817708 0.041274 0.206250
0 0.754717 0.468750 0.077830 0.183333
0 0.735259 0.271875 0.107311 0.077083
0 0.079009 0.936458 0.056604 0.122917
0 0.654481 0.346875 0.283019 0.118750
0 0.469929 0.462500 0.112028 0.070833
0 0.641509 0.271875 0.054245 0.056250
0 0.080778 0.369792 0.086085 0.085417
0 0.376769 0.228125 0.062500 0.072917
0 0.143868 0.512500 0.084906 0.379167
0 0.613208 0.626042 0.044811 0.260417
0 0.358491 0.795833 0.290094 0.300000
0 0.725236 0.761458 0.099057 0.089583
0 0.734080 0.934375 0.062500 0.118750
0 0.293632 0.355208 0.084906 0.085417
0 0.314269 0.304167 0.137972 0.075000
