0 0.96002 0.61467 0.079583 0.232232
0 0.93375 0.409031 0.085295 0.23886
0 0.955633 0.814813 0.088005 0.216342
0 0.628281 0.863113 0.176172 0.239865
0 0.257563 0.442214 0.24584 0.151295
0 0.907299 0.888816 0.054161 0.20596
0 0.223977 0.29418 0.271978 0.13226
0 0.295325 0.580416 0.223133 0.151903
0 0.822529 0.204357 0.275121 0.158761
0 0.644919 0.50417 0.162877 0.155673
0 0.712556 0.275265 0.246008 0.150473
0 0.932161 0.230371 0.135083 0.153771
0 0.039714 0.301757 0.053361 0.28901
0 0.68571 0.24309 0.297354 0.141303
0 0.827251 0.064028 0.251146 0.124567
0 0.229857 0.728652 0.373513 0.188265
0 0.797654 0.852579 0.094009 0.180964
0 0.460489 0.183624 0.299062 0.269964
0 0.67944 0.048327 0.193244 0.096654
0 0.824734 0.61469 0.189758 0.262959
0 0.245476 0.271252 0.216057 0.110534
0 0.261584 0.593102 0.281564 0.165952
0 0.049361 0.645395 0.098275 0.147592
0 0.037979 0.628723 0.075959 0.144207
0 0.17692 0.092084 0.266053 0.140547
