0 0.794126 0.439309 0.399978 0.17346
0 0.54682 0.299687 0.115437 0.27345
0 0.38716 0.229373 0.207143 0.200907
0 0.281144 0.712535 0.088962 0.244293
0 0.711098 0.761954 0.404584 0.190692
0 0.378709 0.880051 0.160304 0.152443
0 0.286172 0.694688 0.117843 0.257193
0 0.945568 0.226514 0.105368 0.227958
0 0.810995 0.090243 0.256094 0.156465
0 0.401597 0.487092 0.256377 0.156634
0 0.378981 0.254467 0.236017 0.266712
0 0.863737 0.755777 0.170188 0.107455
0 0.736978 0.785143 0.38403 0.153695
0 0.376492 0.479408 0.344086 0.150708
