0 0.425288 0.748205 0.083601 0.248227
0 0.972966 0.912914 0.053984 0.16946
0 0.98231 0.912151 0.035379 0.170125
0 0.808632 0.368186 0.373031 0.203787
0 0.804498 0.085868 0.141345 0.171735
0 0.829725 0.087243 0.199961 0.174486
0 0.897071 0.24222 0.090205 0.164906
0 0.430964 0.481293 0.085774 0.27345
0 0.186834 0.235959 0.356836 0.280531
0 0.386718 0.287764 0.244251 0.154112
0 0.64388 0.58536 0.236066 0.213105
0 0.262217 0.112596 0.210249 0.196581
0 0.565277 0.819417 0.229387 0.227926
0 0.898136 0.132419 0.203729 0.258123
0 0.825686 0.722944 0.338558 0.219919
0 0.207534 0.458083 0.056023 0.147376
0 0.3172 0.469725 0.165666 0.243985
0 0.963422 0.512691 0.072561 0.16988
