0 0.960683 0.118466 0.07831 0.207895
0 0.797955 0.878537 0.230864 0.149832
0 0.474652 0.603781 0.210373 0.149142
0 0.822741 0.266202 0.347479 0.213319
0 0.816226 0.157028 0.116359 0.144704
0 0.809789 0.658288 0.223139 0.194891
0 0.123449 0.553159 0.246345 0.160882
0 0.954847 0.442731 0.08955 0.24691
0 0.287245 0.508668 0.181867 0.135905
0 0.700385 0.447802 0.111387 0.145649
0 0.519939 0.444515 0.222623 0.112255
0 0.478648 0.123822 0.158943 0.079244
0 0.684201 0.096701 0.098868 0.158154
0 0.817006 0.458569 0.137317 0.162515
0 0.276752 0.218831 0.349463 0.202449
0 0.945204 0.103393 0.109593 0.206785
0 0.185418 0.830605 0.358178 0.239511
0 0.22347 0.865823 0.290871 0.199243
0 0.849677 0.449313 0.167542 0.148363
0 0.120584 0.845531 0.20601 0.180203
0 0.88305 0.065006 0.218684 0.130012
