0 0.836541 0.145045 0.176283 0.142743
0 0.26801 0.336384 0.248726 0.191812
0 0.949934 0.809025 0.099557 0.227272
0 0.958935 0.169487 0.081765 0.139
0 0.860149 0.163481 0.169774 0.185025
0 0.816834 0.90442 0.113552 0.1797
0 0.93914 0.792248 0.121005 0.272255
0 0.758689 0.443738 0.236542 0.178735
0 0.765471 0.890339 0.211118 0.19295
0 0.534631 0.355081 0.094443 0.198209
0 0.017958 0.880459 0.035917 0.069066
0 0.553575 0.843764 0.223385 0.133741
0 0.159721 0.877995 0.095462 0.243719
0 0.719178 0.436236 0.323575 0.17961
0 0.295969 0.33216 0.300082 0.15572
0 0.667828 0.727835 0.357651 0.18553
0 0.015317 0.436352 0.030633 0.133802
0 0.936242 0.646602 0.127517 0.383579
0 0.022182 0.407424 0.044364 0.198574
0 0.71979 0.251668 0.064016 0.144569
0 0.255886 0.483283 0.153204 0.131075
0 0.537728 0.212701 0.110375 0.351795
0 0.977235 0.408955 0.045156 0.209883
0 0.197536 0.577419 0.231652 0.29667
0 0.186418 0.863817 0.156066 0.246728
0 0.413765 0.635894 0.349404 0.198812
