0 0.159856 0.030172 0.045673 0.056034
0 0.087139 0.226293 0.078125 0.056034
0 0.054688 0.318966 0.094952 0.125
0 0.013822 0.104526 0.02524 0.05819
0 0.362981 0.34806 0.100962 0.213362
0 0.468149 0.278017 0.128606 0.064655
0 0.59976 0.272629 0.072115 0.06681
0 0.809495 0.099138 0.046875 0.086207
0 0.742188 0.461207 0.070913 0.185345
0 0.662861 0.554957 0.063702 0.075431
0 0.709736 0.681034 0.169471 0.12069
0 0.597356 0.648707 0.074519 0.073276
0 0.400841 0.600216 0.061298 0.153017
0 0.390024 0.667026 0.063702 0.088362
0 0.384014 0.77694 0.078125 0.144397
0 0.911659 0.042026 0.030048 0.075431
0 0.880409 0.043103 0.042067 0.081897
0 0.896635 0.104526 0.03125 0.079741
0 0.936298 0.146552 0.074519 0.068966
0 0.981971 0.106681 0.036058 0.084052
0 0.980769 0.02694 0.038462 0.049569
0 0.863582 0.5625 0.058894 0.168103
0 0.766226 0.600216 0.135817 0.075431
0 0.677885 0.842672 0.079327 0.142241
0 0.578125 0.934267 0.076923 0.127155
0 0.453125 0.932112 0.137019 0.114224
0 0.316106 0.911638 0.076923 0.051724
0 0.277043 0.87069 0.090144 0.090517
0 0.290865 0.810345 0.09375 0.073276
0 0.373798 0.907328 0.048077 0.112069
0 0.252404 0.945043 0.129808 0.088362
0 0.103365 0.811422 0.112981 0.084052
0 0.10637 0.584052 0.157452 0.077586
0 0.066106 0.501078 0.127404 0.06681
0 0.084135 0.668103 0.146635 0.116379
0 0.240385 0.658405 0.0625 0.088362
0 0.114183 0.862069 0.223558 0.116379
0 0.067909 0.950431 0.13101 0.068966
0 0.52524 0.703664 0.081731 0.140086
0 0.36238 0.565733 0.054087 0.0625
0 0.454327 0.798491 0.086538 0.118534
0 0.600962 0.728448 0.146635 0.103448
0 0.897236 0.366379 0.051683 0.068966
0 0.915264 0.505388 0.080529 0.174569
0 0.89363 0.696121 0.051683 0.073276
0 0.827524 0.685345 0.08774 0.073276
0 0.829928 0.738147 0.116587 0.079741
0 0.845553 0.807112 0.234375 0.140086
0 0.780048 0.918103 0.108173 0.146552
0 0.725962 0.956897 0.117788 0.086207
0 0.903846 0.951509 0.139423 0.092672
0 0.983173 0.466595 0.033654 0.096983
0 0.546875 0.602371 0.072115 0.079741
0 0.109976 0.877155 0.217548 0.056034
0 0.946514 0.630388 0.106971 0.092672
0 0.465745 0.621767 0.073317 0.105603
0 0.576322 0.830819 0.152644 0.075431
0 0.988582 0.836207 0.022837 0.125
0 0.988582 0.953664 0.022837 0.092672
0 0.625 0.594828 0.0625 0.056034
