0 0.197115 0.077586 0.122596 0.068966
0 0.149038 0.44181 0.055288 0.155172
0 0.305889 0.299569 0.058894 0.056034
0 0.379207 0.070043 0.11899 0.071121
0 0.691707 0.177802 0.114183 0.19181
0 0.597356 0.122845 0.055288 0.051724
0 0.201322 0.230603 0.020433 0.051724
0 0.167668 0.612069 0.102163 0.073276
0 0.394832 0.579741 0.082933 0.107759
0 0.29988 0.626078 0.157452 0.079741
0 0.221755 0.75 0.16226 0.099138
0 0.153846 0.838362 0.074519 0.047414
0 0.060697 0.894397 0.09976 0.081897
0 0.223558 0.917026 0.084135 0.161638
0 0.33113 0.837284 0.123798 0.05819
0 0.457933 0.556034 0.115385 0.064655
0 0.605769 0.560345 0.153846 0.077586
0 0.653846 0.563578 0.057692 0.036638
0 0.768029 0.508621 0.084135 0.064655
0 0.834135 0.502155 0.069712 0.030172
0 0.882212 0.43319 0.052885 0.047414
0 0.970553 0.439655 0.058894 0.051724
0 0.819712 0.670259 0.153846 0.116379
0 0.876803 0.655172 0.05649 0.077586
0 0.941707 0.684267 0.082933 0.092672
0 0.951322 0.811422 0.097356 0.075431
0 0.750601 0.886853 0.229567 0.096983
0 0.66226 0.954741 0.125 0.090517
0 0.51262 0.948276 0.092548 0.103448
0 0.157452 0.951509 0.081731 0.05819
0 0.475361 0.661638 0.082933 0.086207
0 0.565505 0.66056 0.03726 0.05819
0 0.549279 0.71875 0.084135 0.084052
0 0.635216 0.71444 0.11899 0.088362
0 0.732572 0.770474 0.128606 0.096983
0 0.611178 0.835129 0.210337 0.092672
0 0.846755 0.779095 0.080529 0.105603
0 0.926683 0.894397 0.141827 0.116379
0 0.366587 0.746767 0.110577 0.088362
0 0.471755 0.83944 0.116587 0.092672
0 0.397837 0.94181 0.050481 0.116379
0 0.344952 0.900862 0.079327 0.086207
0 0.328726 0.834052 0.116587 0.051724
0 0.323317 0.963362 0.108173 0.073276
0 0.694712 0.630388 0.084135 0.084052
0 0.850962 0.570043 0.134615 0.084052
