0 0.562500 0.387500 0.054245 0.079167
0 0.386792 0.117708 0.073113 0.052083
0 0.844340 0.888542 0.061321 0.202083
0 0.129717 0.621875 0.051887 0.110417
0 0.934552 0.229167 0.062500 0.187500
0 0.609670 0.697917 0.129717 0.170833
0 0.295401 0.286458 0.100236 0.131250
0 0.685142 0.428125 0.132075 0.081250
0 0.747642 0.515625 0.143868 0.089583
0 0.290094 0.395833 0.110849 0.066667
0 0.288325 0.469792 0.126179 0.097917
0 0.700472 0.917708 0.125000 0.160417
0 0.310731 0.668750 0.196934 0.254167
0 0.741156 0.638542 0.147406 0.110417
0 0.443986 0.737500 0.076651 0.237500
0 0.518278 0.505208 0.175708 0.102083
