0 0.837285 0.550725 0.233091 0.165574
0 0.226365 0.645095 0.159959 0.2121
0 0.297011 0.096988 0.197236 0.193976
0 0.531713 0.874823 0.162161 0.126847
0 0.26436 0.4139 0.197582 0.269721
0 0.471954 0.146384 0.181508 0.283876
0 0.801144 0.053232 0.217975 0.106464
0 0.843383 0.065018 0.260844 0.130035
0 0.271409 0.251472 0.158677 0.115842
0 0.259793 0.091915 0.268894 0.179412
0 0.529971 0.845803 0.162184 0.121104
0 0.391917 0.863341 0.065692 0.144657
0 0.55562 0.525876 0.187897 0.239002
0 0.416633 0.679157 0.088362 0.232339
0 0.799196 0.300919 0.401608 0.173793
0 0.826922 0.725663 0.331327 0.179623
0 0.431494 0.345855 0.092755 0.134676
0 0.242333 0.077645 0.349868 0.155289
0 0.429841 0.372601 0.095311 0.188502
0 0.708105 0.719946 0.363354 0.159349
0 0.185862 0.086308 0.249654 0.172616
