0 0.962915 0.550273 0.073843 0.225653
0 0.955468 0.756213 0.08844 0.227777
0 0.67736 0.442913 0.197002 0.168011
0 0.305393 0.375697 0.178159 0.160111
0 0.934175 0.140834 0.130983 0.281668
0 0.028239 0.253118 0.056477 0.274469
0 0.686119 0.18286 0.207473 0.188494
0 0.159313 0.305604 0.193013 0.260032
0 0.35549 0.660524 0.234946 0.11775
0 0.70685 0.669368 0.137814 0.230377
0 0.237695 0.067414 0.252825 0.134827
0 0.104068 0.807846 0.168103 0.170297
0 0.686395 0.717743 0.165244 0.340316
0 0.531839 0.837238 0.178538 0.120159
0 0.517757 0.414934 0.124995 0.257391
0 0.417896 0.171421 0.309136 0.190153
0 0.468653 0.145619 0.22282 0.171474
0 0.198268 0.561431 0.189806 0.145311
0 0.312547 0.645503 0.332319 0.143922
0 0.396979 0.895278 0.413933 0.162137
0 0.71571 0.425167 0.249294 0.198859
0 0.94534 0.343386 0.10932 0.264127
