0 0.955088 0.547661 0.089313 0.235301
0 0.95399 0.768672 0.091067 0.256502
0 0.931825 0.149694 0.136351 0.293928
0 0.122624 0.285023 0.185617 0.330994
0 0.668738 0.755771 0.188072 0.409394
0 0.069704 0.854889 0.139407 0.202319
0 0.096073 0.857165 0.176555 0.210648
0 0.240382 0.412649 0.250192 0.157074
0 0.288677 0.378664 0.187527 0.158976
0 0.398956 0.182518 0.301655 0.217177
0 0.818589 0.7466 0.117939 0.123446
0 0.287515 0.605833 0.346953 0.141546
0 0.720375 0.421889 0.313029 0.191833
0 0.13161 0.853957 0.253789 0.227156
0 0.351529 0.881692 0.403466 0.141776
0 0.471613 0.697935 0.055436 0.226292
