0 0.806604 0.512500 0.054245 0.145833
0 0.130307 0.866667 0.081368 0.179167
0 0.218750 0.363542 0.187500 0.106250
0 0.640920 0.530208 0.161557 0.131250
0 0.652123 0.710417 0.148585 0.066667
0 0.773585 0.809375 0.056604 0.364583
0 0.554835 0.354167 0.074292 0.062500
0 0.540094 0.557292 0.129717 0.122917
0 0.666863 0.355208 0.071934 0.089583
0 0.488208 0.640625 0.087264 0.302083
0 0.805425 0.873958 0.054245 0.210417
0 0.672170 0.428125 0.205189 0.093750
0 0.734080 0.367708 0.043632 0.068750
0 0.156840 0.583333 0.103774 0.300000
0 0.420991 0.396875 0.160377 0.122917
0 0.104953 0.429167 0.058962 0.112500
