0 0.070112 0.48724 0.140223 0.257966
0 0.787383 0.114855 0.178259 0.124627
0 0.792236 0.950792 0.16777 0.098416
0 0.711351 0.789028 0.400786 0.204112
0 0.790512 0.433376 0.384813 0.16531
0 0.096708 0.072388 0.149135 0.142855
0 0.324847 0.180987 0.32877 0.170195
0 0.120474 0.248255 0.042764 0.066145
0 0.937508 0.138898 0.124985 0.277796
0 0.31209 0.673188 0.154304 0.246655
0 0.265074 0.385634 0.406331 0.14233
0 0.396405 0.84137 0.190817 0.131586
0 0.885005 0.750667 0.152159 0.120964
0 0.795463 0.400986 0.351792 0.229656
0 0.503679 0.357211 0.147724 0.230675
0 0.38173 0.853939 0.153479 0.122812
0 0.295431 0.684254 0.116437 0.239263
