0 0.192217 0.616667 0.179245 0.354167
0 0.090802 0.902083 0.054245 0.187500
0 0.087854 0.482292 0.071934 0.160417
0 0.294811 0.355208 0.122642 0.060417
0 0.629717 0.358333 0.096698 0.083333
0 0.801297 0.445833 0.071934 0.133333
0 0.530071 0.262500 0.041274 0.045833
0 0.798349 0.884375 0.051887 0.218750
0 0.754127 0.798958 0.076651 0.318750
0 0.530660 0.571875 0.139151 0.122917
0 0.715802 0.385417 0.035377 0.058333
0 0.717571 0.439583 0.130896 0.062500
0 0.543042 0.420833 0.071934 0.100000
0 0.684552 0.529167 0.133255 0.091667
0 0.320165 0.409375 0.149764 0.060417
0 0.666863 0.733333 0.104953 0.108333
