0 0.129808 0.225216 0.081731 0.221983
0 0.138822 0.064655 0.046875 0.073276
0 0.669471 0.102371 0.086538 0.075431
0 0.826322 0.253233 0.073317 0.079741
0 0.441106 0.345905 0.163462 0.088362
0 0.329327 0.407328 0.052885 0.056034
0 0.380409 0.501078 0.111779 0.071121
0 0.210337 0.522629 0.098558 0.144397
0 0.149038 0.422414 0.040865 0.116379
0 0.111779 0.465517 0.026442 0.094828
0 0.057692 0.40625 0.081731 0.153017
0 0.28726 0.659483 0.134615 0.090517
0 0.310697 0.689655 0.097356 0.077586
0 0.430288 0.642241 0.115385 0.077586
0 0.349159 0.564655 0.116587 0.073276
0 0.640024 0.489224 0.039663 0.103448
0 0.732572 0.640086 0.183894 0.073276
0 0.897837 0.658405 0.084135 0.049569
0 0.827524 0.685345 0.116587 0.051724
0 0.820913 0.792026 0.129808 0.06681
0 0.694712 0.810345 0.1875 0.133621
0 0.474159 0.880388 0.171875 0.122845
0 0.569111 0.765086 0.08774 0.090517
0 0.340745 0.806034 0.229567 0.125
0 0.14363 0.774784 0.143029 0.140086
0 0.067308 0.604526 0.132212 0.170259
0 0.901442 0.9375 0.057692 0.125
0 0.852163 0.934267 0.03125 0.127155
0 0.733774 0.954741 0.121394 0.090517
0 0.631611 0.951509 0.179087 0.079741
0 0.296274 0.922414 0.152644 0.094828
0 0.789062 0.519397 0.128606 0.047414
0 0.919471 0.506466 0.105769 0.081897
0 0.961538 0.592672 0.076923 0.073276
0 0.834135 0.570043 0.177885 0.101293
0 0.944712 0.766164 0.110577 0.06681
0 0.590745 0.496767 0.054087 0.084052
0 0.538462 0.523707 0.050481 0.068966
0 0.499399 0.5625 0.102163 0.060345
0 0.545673 0.648707 0.088942 0.086207
0 0.611779 0.637931 0.057692 0.155172
0 0.461538 0.712284 0.112981 0.045259
0 0.088942 0.950431 0.076923 0.094828
0 0.031851 0.815733 0.061298 0.135776
0 0.498798 0.488147 0.055288 0.06681
0 0.493389 0.788793 0.054087 0.094828
0 0.579327 0.869612 0.036058 0.118534
0 0.701923 0.578664 0.091346 0.101293
