0 0.824777 0.828502 0.191059 0.209008
0 0.208176 0.057969 0.302033 0.107568
0 0.84271 0.070594 0.299804 0.130659
0 0.792602 0.078849 0.215834 0.140574
0 0.444666 0.137397 0.25243 0.215797
0 0.545109 0.892596 0.133783 0.199149
0 0.480375 0.430698 0.309509 0.140471
0 0.810762 0.367643 0.378311 0.176075
0 0.475185 0.177774 0.190853 0.21687
0 0.508492 0.184444 0.122345 0.201008
0 0.512285 0.470868 0.25221 0.193898
0 0.191196 0.705495 0.327491 0.166225
0 0.248911 0.735497 0.418732 0.187296
0 0.918443 0.652805 0.10269 0.127019
0 0.859125 0.843212 0.114508 0.205897
0 0.180932 0.063515 0.264597 0.12703
0 0.319418 0.503596 0.316443 0.129464
0 0.970587 0.456244 0.058414 0.166428
0 0.043232 0.311905 0.079084 0.256714
0 0.840301 0.515921 0.164083 0.156188
0 0.475715 0.461842 0.306419 0.220023
0 0.762527 0.627202 0.303393 0.239942
