0 0.593149 0.302802 0.186298 0.127155
0 0.419471 0.383621 0.069712 0.12069
0 0.340745 0.16056 0.073317 0.0625
0 0.707332 0.06681 0.102163 0.112069
0 0.875 0.045259 0.0625 0.064655
0 0.904447 0.128233 0.039663 0.105603
0 0.838942 0.200431 0.057692 0.047414
0 0.88101 0.244612 0.03125 0.0625
0 0.884615 0.43319 0.050481 0.103448
0 0.966947 0.4375 0.066106 0.099138
0 0.638221 0.53125 0.052885 0.075431
0 0.71274 0.560345 0.050481 0.060345
0 0.977163 0.121767 0.03125 0.075431
0 0.980769 0.239224 0.038462 0.043103
0 0.988582 0.025862 0.022837 0.038793
0 0.353365 0.571121 0.115385 0.116379
0 0.216947 0.664871 0.133413 0.053879
0 0.165264 0.830819 0.039663 0.140086
0 0.180889 0.926724 0.16226 0.073276
0 0.304688 0.802802 0.085337 0.114224
0 0.414663 0.725216 0.112981 0.088362
0 0.49399 0.755388 0.076923 0.088362
0 0.586538 0.700431 0.189904 0.12931
0 0.779447 0.75 0.123798 0.116379
0 0.727764 0.692888 0.164663 0.109914
0 0.808293 0.603448 0.152644 0.086207
0 0.787861 0.871767 0.229567 0.101293
0 0.671875 0.962284 0.170673 0.075431
0 0.226562 0.857759 0.11899 0.094828
0 0.374399 0.863147 0.058894 0.079741
0 0.40024 0.826509 0.141827 0.096983
0 0.367788 0.938578 0.144231 0.092672
0 0.300481 0.97306 0.045673 0.053879
0 0.067308 0.661638 0.132212 0.116379
0 0.061298 0.856681 0.120192 0.101293
0 0.050481 0.528017 0.036058 0.155172
0 0.933894 0.641164 0.081731 0.144397
0 0.947716 0.896552 0.094952 0.073276
0 0.840745 0.939655 0.13101 0.107759
0 0.653846 0.824353 0.033654 0.135776
0 0.542668 0.846983 0.102163 0.081897
0 0.490986 0.91056 0.102163 0.118534
0 0.600361 0.890086 0.03726 0.137931
0 0.422476 0.665948 0.06851 0.056034
0 0.605168 0.628233 0.075721 0.096983
0 0.939904 0.739224 0.120192 0.116379
0 0.042668 0.751078 0.082933 0.114224
