0 0.791076 0.537225 0.149589 0.181156
0 0.791319 0.104346 0.179097 0.208692
0 0.818813 0.54005 0.213436 0.183083
0 0.225004 0.824401 0.130213 0.233934
0 0.470828 0.837409 0.057221 0.185874
0 0.916798 0.055416 0.137147 0.110831
0 0.519721 0.815688 0.125242 0.232455
0 0.55074 0.239207 0.101286 0.194964
0 0.921596 0.084242 0.145637 0.168485
0 0.80975 0.304838 0.362324 0.196339
0 0.362911 0.44227 0.14017 0.177295
0 0.260589 0.061307 0.376572 0.122185
0 0.790784 0.07528 0.167002 0.15056
0 0.544847 0.40023 0.198105 0.1494
0 0.884864 0.662085 0.230272 0.183745
0 0.247322 0.421627 0.18616 0.296875
0 0.758208 0.71766 0.329358 0.168688
0 0.329272 0.614088 0.178887 0.267724
