0 0.767404 0.883388 0.207475 0.226922
0 0.266233 0.338211 0.253841 0.181023
0 0.927964 0.628986 0.144072 0.367524
0 0.554725 0.292787 0.105354 0.263296
0 0.74557 0.436438 0.276322 0.177998
0 0.53173 0.840519 0.230878 0.127862
0 0.211913 0.868991 0.086588 0.262019
0 0.549923 0.126218 0.090838 0.190623
0 0.221298 0.569369 0.16886 0.234014
0 0.291607 0.330472 0.338004 0.150524
0 0.236788 0.523181 0.159011 0.200594
0 0.756894 0.623403 0.175742 0.133611
0 0.459275 0.566251 0.360617 0.167466
0 0.933125 0.682644 0.133131 0.301891
0 0.871103 0.402621 0.108233 0.257309
0 0.293693 0.167697 0.315559 0.147347
0 0.229991 0.859167 0.128787 0.272749
0 0.962342 0.176945 0.075065 0.144989
