0 0.51863 0.508621 0.054087 0.047414
0 0.471755 0.616379 0.042067 0.073276
0 0.225962 0.342672 0.050481 0.142241
0 0.113582 0.179957 0.054087 0.131466
0 0.226562 0.168103 0.147837 0.185345
0 0.069111 0.059267 0.085337 0.114224
0 0.626202 0.210129 0.043269 0.071121
0 0.747596 0.139009 0.043269 0.118534
0 0.794471 0.322198 0.144231 0.200431
0 0.938101 0.262931 0.102163 0.068966
0 0.845553 0.553879 0.106971 0.090517
0 0.746995 0.487069 0.097356 0.103448
0 0.667668 0.434267 0.054087 0.096983
0 0.625 0.480603 0.045673 0.073276
0 0.610577 0.521552 0.0625 0.077586
0 0.560697 0.552802 0.039663 0.079741
0 0.521034 0.560345 0.049279 0.047414
0 0.52524 0.627155 0.057692 0.090517
0 0.391226 0.578664 0.092548 0.118534
0 0.342548 0.619612 0.064904 0.131466
0 0.256611 0.572198 0.102163 0.084052
0 0.180288 0.552802 0.050481 0.122845
0 0.117788 0.491379 0.100962 0.12069
0 0.066707 0.641164 0.13101 0.153017
0 0.134615 0.744612 0.100962 0.0625
0 0.096154 0.823276 0.189904 0.137931
0 0.133413 0.949353 0.264423 0.101293
0 0.272837 0.821121 0.072115 0.068966
0 0.391827 0.724138 0.081731 0.068966
0 0.373798 0.783405 0.091346 0.071121
0 0.483173 0.835129 0.15625 0.213362
0 0.733173 0.794181 0.055288 0.174569
0 0.736779 0.632543 0.076923 0.075431
0 0.834135 0.650862 0.146635 0.090517
0 0.947716 0.668103 0.09976 0.090517
0 0.95012 0.561422 0.090144 0.092672
0 0.835337 0.926724 0.057692 0.146552
0 0.834736 0.780172 0.106971 0.12931
0 0.914062 0.782328 0.063702 0.094828
0 0.675481 0.654095 0.045673 0.075431
0 0.670673 0.710129 0.091346 0.105603
0 0.680889 0.818966 0.05649 0.137931
0 0.671875 0.921336 0.045673 0.118534
0 0.554087 0.952586 0.206731 0.090517
0 0.592548 0.83944 0.057692 0.092672
0 0.579928 0.875 0.080529 0.043103
0 0.620192 0.628233 0.117788 0.127155
0 0.942308 0.898707 0.115385 0.094828
0 0.862981 0.864224 0.067308 0.073276
0 0.257212 0.731681 0.067308 0.096983
0 0.726562 0.963362 0.044471 0.073276
0 0.08774 0.359914 0.072115 0.094828
0 0.061899 0.28125 0.066106 0.084052
0 0.483774 0.696121 0.080529 0.060345
