0 0.795476 0.271486 0.059376 0.198541
0 0.292234 0.343223 0.197384 0.18008
0 0.771917 0.42176 0.352924 0.1644
0 0.721535 0.738396 0.383116 0.182343
0 0.964766 0.551436 0.070324 0.278266
0 0.138509 0.775112 0.240836 0.221338
0 0.422028 0.644962 0.209682 0.143914
0 0.786452 0.102506 0.271541 0.153157
0 0.40464 0.902198 0.154893 0.173918
0 0.169357 0.952551 0.177486 0.089095
0 0.276749 0.140814 0.278463 0.147946
0 0.346019 0.684273 0.340988 0.165675
0 0.118179 0.053977 0.195489 0.102543
0 0.312489 0.127497 0.373746 0.137053
0 0.842125 0.67517 0.186224 0.130855
0 0.122961 0.808983 0.207463 0.157608
0 0.975429 0.720843 0.049115 0.249172
