0 0.965852 0.559748 0.067928 0.231465
0 0.959988 0.766733 0.079605 0.23999
0 0.520996 0.137502 0.174059 0.13673
0 0.154317 0.308032 0.192665 0.256277
0 0.933428 0.141585 0.133144 0.282866
0 0.029638 0.251883 0.059275 0.279005
0 0.312306 0.383576 0.174386 0.143756
0 0.631827 0.423666 0.349081 0.229151
0 0.287227 0.099331 0.182986 0.180329
0 0.189894 0.557186 0.201549 0.144308
0 0.046336 0.612177 0.092506 0.208263
0 0.354913 0.662707 0.263289 0.114549
0 0.087059 0.80808 0.169057 0.188467
0 0.946626 0.352125 0.106749 0.250059
0 0.424372 0.2137 0.34619 0.173222
0 0.715184 0.190761 0.211255 0.167045
0 0.835151 0.19396 0.07523 0.213983
0 0.32186 0.903464 0.36789 0.153998
