0 0.750601 0.266164 0.243990 0.157328
0 0.260216 0.392241 0.227163 0.142241
0 0.267428 0.202586 0.335337 0.146552
0 0.960938 0.190733 0.078125 0.260776
0 0.521635 0.158405 0.278846 0.260776
0 0.823317 0.098060 0.319712 0.161638
0 0.044471 0.658405 0.086538 0.165948
0 0.308293 0.935345 0.344952 0.129310
0 0.704327 0.455819 0.161058 0.213362
0 0.270433 0.566810 0.257212 0.159483
0 0.523438 0.609914 0.231971 0.125000
0 0.258413 0.730603 0.391827 0.198276
0 0.586538 0.154095 0.163462 0.247845
0 0.703726 0.728448 0.352163 0.224138
0 0.173678 0.478448 0.330529 0.137931
0 0.866587 0.423491 0.156250 0.114224
0 0.582332 0.924569 0.176683 0.107759
