0 0.318986 0.345833 0.109670 0.062500
0 0.358491 0.100000 0.084906 0.100000
0 0.063090 0.468750 0.123821 0.154167
0 0.160967 0.363542 0.076651 0.068750
0 0.130307 0.882292 0.050708 0.214583
0 0.133255 0.690625 0.058962 0.189583
0 0.289505 0.853125 0.152123 0.093750
0 0.770047 0.362500 0.051887 0.087500
0 0.262972 0.665625 0.212264 0.197917
0 0.298349 0.776042 0.158019 0.093750
0 0.646816 0.400000 0.239387 0.108333
0 0.490566 0.519792 0.160377 0.114583
0 0.550118 0.314583 0.057783 0.050000
0 0.819575 0.876042 0.047170 0.218750
0 0.623231 0.710417 0.159198 0.200000
0 0.260024 0.938542 0.178066 0.102083
0 0.643868 0.336458 0.049528 0.052083
0 0.418632 0.896875 0.049528 0.172917
0 0.751179 0.569792 0.096698 0.227083
0 0.310731 0.409375 0.121462 0.068750
