0 0.117335 0.903125 0.053066 0.177083
0 0.745283 0.484375 0.051887 0.185417
0 0.614387 0.462500 0.148585 0.162500
0 0.227005 0.355208 0.116745 0.093750
0 0.903892 0.744792 0.071934 0.085417
0 0.396226 0.396875 0.084906 0.147917
0 0.811321 0.903125 0.044811 0.110417
0 0.808962 0.850000 0.051887 0.225000
0 0.571934 0.580208 0.068396 0.202083
0 0.285967 0.434375 0.137972 0.097917
0 0.746462 0.845833 0.054245 0.258333
0 0.525943 0.800000 0.073113 0.266667
0 0.712854 0.670833 0.119104 0.075000
0 0.133844 0.419792 0.069575 0.131250
