0 0.319111 0.189655 0.085337 0.150862
0 0.433293 0.076509 0.051683 0.049569
0 0.184495 0.154095 0.080529 0.105603
0 0.088341 0.269397 0.08774 0.185345
0 0.091947 0.076509 0.092548 0.148707
0 0.063702 0.110991 0.043269 0.05819
0 0.724159 0.109914 0.049279 0.073276
0 0.782452 0.212284 0.115385 0.06681
0 0.876803 0.297414 0.15024 0.094828
0 0.285457 0.036638 0.066106 0.068966
0 0.209135 0.551724 0.165865 0.077586
0 0.114784 0.519397 0.085337 0.060345
0 0.038462 0.467672 0.074519 0.068966
0 0.099159 0.689655 0.155048 0.090517
0 0.135817 0.794181 0.117788 0.084052
0 0.123197 0.869612 0.174279 0.131466
0 0.269832 0.834052 0.11899 0.099138
0 0.384615 0.911638 0.127404 0.103448
0 0.401442 0.818966 0.112981 0.073276
0 0.405649 0.621767 0.19351 0.135776
0 0.260216 0.662716 0.08774 0.109914
0 0.51863 0.56681 0.058894 0.168103
0 0.584135 0.669181 0.055288 0.092672
0 0.651442 0.655172 0.081731 0.081897
0 0.75601 0.610991 0.088942 0.122845
0 0.776442 0.701509 0.141827 0.05819
0 0.784255 0.764009 0.11899 0.092672
0 0.719351 0.855603 0.06851 0.12069
0 0.602163 0.78125 0.158654 0.101293
0 0.648438 0.846983 0.075721 0.094828
0 0.673077 0.950431 0.084135 0.099138
0 0.582332 0.96875 0.133413 0.0625
0 0.820312 0.948276 0.111779 0.103448
0 0.84976 0.862069 0.074519 0.081897
0 0.903846 0.734914 0.096154 0.137931
0 0.784255 0.453664 0.248798 0.252155
0 0.094351 0.584052 0.106971 0.107759
0 0.933293 0.907328 0.085337 0.077586
0 0.944712 0.543103 0.036058 0.172414
0 0.979567 0.773707 0.040865 0.064655
0 0.609976 0.554957 0.08774 0.109914
0 0.640024 0.459052 0.042067 0.064655
