0 0.498798 0.384698 0.079327 0.105603
0 0.334135 0.373922 0.057692 0.05819
0 0.078726 0.345905 0.075721 0.213362
0 0.102163 0.085129 0.127404 0.165948
0 0.150841 0.065733 0.046875 0.075431
0 0.788462 0.033405 0.081731 0.0625
0 0.645433 0.493534 0.038462 0.12069
0 0.579928 0.490302 0.034856 0.109914
0 0.539663 0.514009 0.055288 0.071121
0 0.29387 0.581897 0.203125 0.090517
0 0.102163 0.58944 0.122596 0.084052
0 0.025841 0.62069 0.049279 0.168103
0 0.208534 0.840517 0.231971 0.125
0 0.192308 0.94181 0.144231 0.099138
0 0.408053 0.788793 0.13101 0.086207
0 0.574519 0.603448 0.163462 0.125
0 0.755409 0.6875 0.145433 0.12069
0 0.902043 0.71444 0.111779 0.153017
0 0.817909 0.561422 0.135817 0.084052
0 0.70613 0.579741 0.082933 0.094828
0 0.549279 0.858836 0.161058 0.239224
0 0.72476 0.823276 0.173077 0.12931
0 0.706731 0.943966 0.177885 0.112069
0 0.891827 0.926724 0.15625 0.142241
0 0.391827 0.912716 0.165865 0.105603
0 0.34976 0.963362 0.182692 0.073276
0 0.08113 0.830819 0.159856 0.092672
0 0.067308 0.896552 0.132212 0.099138
0 0.109375 0.636853 0.112981 0.096983
0 0.097957 0.699353 0.147837 0.079741
0 0.349159 0.684267 0.253606 0.092672
0 0.587139 0.698276 0.188702 0.077586
0 0.460938 0.528017 0.094952 0.103448
0 0.953726 0.574353 0.092548 0.135776
0 0.908654 0.821121 0.180288 0.073276
