0 0.974499 0.586615 0.051003 0.237962
0 0.696814 0.452106 0.147827 0.205523
0 0.972896 0.81264 0.053941 0.267504
0 0.031849 0.293665 0.063699 0.291681
0 0.551704 0.168731 0.200162 0.125376
0 0.425626 0.271878 0.318121 0.196241
0 0.329598 0.459752 0.345297 0.154253
0 0.325535 0.911059 0.361775 0.152154
0 0.148072 0.351789 0.142776 0.234541
0 0.10927 0.808037 0.199097 0.176388
0 0.915869 0.859075 0.057139 0.250338
0 0.408298 0.139774 0.078626 0.222895
0 0.956828 0.357101 0.086318 0.255555
0 0.023854 0.798123 0.047707 0.193537
0 0.76461 0.284188 0.185691 0.13348
0 0.670067 0.909142 0.057554 0.181424
0 0.887175 0.112443 0.225651 0.218336
0 0.936757 0.148642 0.126194 0.288464
0 0.17321 0.571738 0.269929 0.169267
0 0.370303 0.463154 0.24718 0.143822
0 0.550517 0.725552 0.370875 0.199363
0 0.198104 0.05906 0.31943 0.110574
0 0.94559 0.239782 0.108821 0.41488
