0 0.978568 0.59489 0.042865 0.240932
0 0.747041 0.543781 0.10017 0.157407
0 0.694318 0.103588 0.147811 0.182837
0 0.685545 0.287232 0.392039 0.174887
0 0.158065 0.618213 0.316131 0.173737
0 0.907359 0.050735 0.119911 0.101469
0 0.949562 0.386282 0.100876 0.219808
0 0.863582 0.106597 0.229803 0.193019
0 0.300005 0.237879 0.285583 0.110875
0 0.524824 0.453978 0.200953 0.1441
0 0.826979 0.78908 0.138366 0.122566
0 0.36077 0.641573 0.411483 0.181579
0 0.970549 0.84885 0.0585 0.274386
0 0.964643 0.149151 0.070456 0.179291
0 0.705375 0.736031 0.389563 0.211929
0 0.217525 0.381539 0.397496 0.157145
0 0.480896 0.595589 0.221937 0.134501
0 0.155642 0.9558 0.222641 0.080348
0 0.784596 0.250944 0.19556 0.121704
0 0.241502 0.235953 0.280557 0.11583
