0 0.934699 0.135992 0.061647 0.244778
0 0.806151 0.953177 0.174713 0.093645
0 0.088838 0.192907 0.047738 0.081647
0 0.33342 0.185658 0.29485 0.181866
0 0.726003 0.784086 0.422436 0.213115
0 0.071016 0.498087 0.142033 0.217257
0 0.334295 0.431292 0.383173 0.141351
0 0.466678 0.120131 0.087129 0.154587
0 0.788569 0.097214 0.184877 0.183588
0 0.09365 0.072013 0.14216 0.134345
0 0.382388 0.882376 0.144049 0.162941
0 0.77729 0.432828 0.430538 0.170186
0 0.956575 0.525932 0.086531 0.253039
0 0.504978 0.323045 0.109725 0.168894
0 0.138226 0.692993 0.106674 0.160267
0 0.362915 0.201455 0.231403 0.190107
0 0.779676 0.395192 0.38419 0.23006
