0 0.342291 0.883324 0.145831 0.156177
0 0.575556 0.445865 0.103544 0.168472
0 0.402468 0.596601 0.20491 0.243261
0 0.039101 0.163112 0.076844 0.137119
0 0.818812 0.36715 0.362377 0.184821
0 0.877376 0.118116 0.245249 0.229606
0 0.353522 0.16977 0.229036 0.322927
0 0.56375 0.863276 0.095236 0.250419
0 0.614943 0.556013 0.218816 0.195369
0 0.314426 0.392782 0.240872 0.129944
0 0.863592 0.082234 0.272816 0.161513
0 0.858705 0.702803 0.28259 0.208296
0 0.165536 0.086077 0.306529 0.172155
0 0.826627 0.909055 0.188186 0.119387
