0 0.133844 0.637500 0.055425 0.116667
0 0.850236 0.611458 0.058962 0.243750
0 0.656250 0.378125 0.050708 0.185417
0 0.691627 0.465625 0.057783 0.147917
0 0.406840 0.838542 0.070755 0.164583
0 0.741156 0.863542 0.076651 0.214583
0 0.563679 0.411458 0.033019 0.081250
0 0.399175 0.323958 0.074292 0.235417
0 0.682193 0.640625 0.112028 0.122917
0 0.451651 0.571875 0.176887 0.114583
0 0.563679 0.513542 0.172170 0.077083
0 0.652712 0.393750 0.050708 0.145833
0 0.319575 0.623958 0.148585 0.160417
0 0.236439 0.476042 0.145047 0.077083
0 0.760024 0.465625 0.093160 0.177083
