0 0.785741 0.809577 0.223595 0.179791
0 0.567733 0.875858 0.190963 0.151979
0 0.499474 0.242152 0.232774 0.144792
0 0.82364 0.084562 0.284871 0.156358
0 0.341938 0.461241 0.259064 0.125195
0 0.459516 0.402012 0.243045 0.144204
0 0.496062 0.410118 0.29349 0.15489
0 0.34057 0.852161 0.339254 0.185894
0 0.303802 0.120468 0.245725 0.23074
0 0.65768 0.336823 0.217397 0.144832
0 0.052712 0.29013 0.09751 0.285063
0 0.187932 0.050759 0.239637 0.101518
0 0.270111 0.134753 0.315319 0.257353
0 0.028114 0.120461 0.045814 0.240922
0 0.783819 0.332027 0.432361 0.1541
0 0.932959 0.844766 0.05611 0.194975
0 0.322793 0.832117 0.214566 0.121681
0 0.9376 0.071944 0.118353 0.143888
0 0.775515 0.552161 0.301894 0.179226
