0 0.682191 0.264451 0.213332 0.149894
0 0.772229 0.429199 0.344166 0.166198
0 0.971427 0.53718 0.056676 0.260464
0 0.260427 0.30181 0.174198 0.123901
0 0.557667 0.291329 0.090072 0.262725
0 0.397171 0.890638 0.174129 0.188766
0 0.712741 0.750664 0.363799 0.188034
0 0.26724 0.454771 0.261574 0.172136
0 0.975969 0.729131 0.048061 0.236944
0 0.822016 0.672737 0.222556 0.120121
0 0.169328 0.861311 0.166766 0.163701
0 0.347681 0.669039 0.414268 0.208123
0 0.100092 0.084366 0.197794 0.158856
0 0.79102 0.10701 0.295379 0.150055
0 0.621107 0.865096 0.237568 0.126806
0 0.82678 0.111581 0.196777 0.122055
