0 0.875000 0.776042 0.087264 0.085417
0 0.797759 0.338542 0.149764 0.068750
0 0.620873 0.263542 0.053066 0.089583
0 0.106722 0.877083 0.055425 0.237500
0 0.093160 0.498958 0.054245 0.106250
0 0.777123 0.416667 0.096698 0.079167
0 0.643278 0.364583 0.081368 0.087500
0 0.299528 0.358333 0.120283 0.058333
0 0.770047 0.835417 0.049528 0.316667
0 0.804245 0.873958 0.056604 0.202083
0 0.665094 0.781250 0.115566 0.083333
0 0.181014 0.623958 0.142689 0.356250
0 0.518278 0.518750 0.088443 0.195833
0 0.676887 0.541667 0.134434 0.183333
0 0.396226 0.461458 0.073113 0.102083
0 0.304245 0.435417 0.106132 0.095833
0 0.611439 0.458333 0.093160 0.066667
0 0.554245 0.375000 0.075472 0.091667
