0 0.95979 0.611437 0.08003 0.218836
0 0.958563 0.802601 0.082424 0.206157
0 0.249318 0.264859 0.251071 0.12172
0 0.250861 0.435921 0.260795 0.151043
0 0.675269 0.514441 0.16633 0.144804
0 0.298119 0.584635 0.213412 0.147305
0 0.77524 0.085748 0.211124 0.150799
0 0.835132 0.188503 0.227335 0.159586
0 0.938587 0.400951 0.099307 0.25163
0 0.493282 0.171138 0.251293 0.270864
0 0.269452 0.78165 0.378612 0.144246
0 0.043161 0.659892 0.085809 0.139466
0 0.318084 0.941683 0.242683 0.106153
0 0.791248 0.849011 0.055972 0.148608
0 0.445859 0.228785 0.272176 0.285978
0 0.596541 0.706002 0.359029 0.243937
0 0.177007 0.098217 0.265642 0.139301
0 0.624757 0.869541 0.179326 0.183055
