0 0.518415 0.268027 0.169762 0.166847
0 0.517809 0.848167 0.119063 0.18378
0 0.829529 0.538988 0.234538 0.156492
0 0.344592 0.446463 0.237913 0.143164
0 0.333834 0.084572 0.249942 0.169144
0 0.8463 0.07116 0.307401 0.139061
0 0.243657 0.744394 0.242701 0.157379
0 0.312825 0.060616 0.286004 0.121231
0 0.843149 0.289653 0.295091 0.175241
0 0.366552 0.122727 0.189799 0.245455
0 0.938821 0.091351 0.122357 0.182702
0 0.035563 0.489497 0.071126 0.247235
0 0.328316 0.569131 0.237804 0.207916
0 0.256922 0.219411 0.238175 0.157767
0 0.791417 0.883849 0.233312 0.117611
0 0.503683 0.792278 0.145466 0.1685
0 0.480247 0.410915 0.145343 0.113538
0 0.855073 0.56163 0.253712 0.178378
0 0.799072 0.070798 0.238575 0.141597
0 0.354853 0.588348 0.210242 0.218596
0 0.549438 0.519995 0.167994 0.171132
0 0.537674 0.476522 0.193418 0.22779
0 0.209231 0.751622 0.240709 0.169392
0 0.886536 0.089983 0.226929 0.179966
0 0.797015 0.889744 0.310666 0.123332
0 0.362692 0.880417 0.394294 0.132491
0 0.311262 0.117292 0.262681 0.234585
