0 0.315044 0.266054 0.08262 0.184447
0 0.394789 0.125811 0.185409 0.244545
0 0.131487 0.70994 0.262974 0.201378
0 0.333706 0.434753 0.268225 0.176104
0 0.19669 0.080332 0.339905 0.155888
0 0.717424 0.745385 0.376552 0.249127
0 0.775123 0.436478 0.367321 0.154689
0 0.844616 0.115801 0.247472 0.21923
0 0.271854 0.099612 0.189873 0.199224
0 0.967356 0.894806 0.065148 0.11265
0 0.338356 0.65229 0.161879 0.116844
0 0.336943 0.113014 0.308634 0.219236
0 0.273223 0.916194 0.10246 0.143659
0 0.764448 0.957441 0.22042 0.085118
0 0.758361 0.402274 0.366929 0.18485
