0 0.04387 0.483815 0.08774 0.219859
0 0.806977 0.856527 0.152597 0.199978
0 0.286331 0.104872 0.167456 0.209744
0 0.46717 0.901293 0.108749 0.187193
0 0.179384 0.454726 0.127043 0.300698
0 0.184158 0.184641 0.193979 0.166503
0 0.149461 0.697612 0.298923 0.216328
0 0.40442 0.153146 0.155033 0.234862
0 0.175325 0.728396 0.244988 0.216506
0 0.872704 0.125283 0.253151 0.209448
0 0.383273 0.173167 0.187059 0.263013
0 0.907527 0.885403 0.052345 0.196432
0 0.216921 0.785033 0.202422 0.325104
0 0.859499 0.095661 0.281002 0.174572
0 0.367322 0.442955 0.206621 0.182034
0 0.490466 0.406051 0.091337 0.299781
0 0.889324 0.141433 0.221351 0.265006
0 0.740883 0.380631 0.347147 0.165527
0 0.918735 0.171107 0.162529 0.3197
0 0.731083 0.681947 0.368505 0.250594
0 0.354145 0.130215 0.241141 0.252966
0 0.332796 0.104777 0.233424 0.208629
