0 0.544222 0.362500 0.057783 0.100000
0 0.383255 0.264583 0.049528 0.150000
0 0.581958 0.517708 0.097877 0.106250
0 0.175118 0.846875 0.199292 0.252083
0 0.811321 0.900000 0.047170 0.187500
0 0.229953 0.607292 0.202830 0.122917
0 0.577830 0.880208 0.172170 0.114583
0 0.552476 0.718750 0.222877 0.179167
0 0.105542 0.625000 0.055425 0.104167
0 0.382075 0.388542 0.061321 0.064583
0 0.767689 0.731250 0.044811 0.183333
0 0.435142 0.505208 0.127358 0.093750
0 0.361439 0.738542 0.133255 0.093750
0 0.255896 0.518750 0.153302 0.058333
0 0.258255 0.484375 0.153302 0.052083
0 0.331368 0.431250 0.096698 0.070833
