0 0.907452 0.248922 0.141827 0.321121
0 0.566707 0.175647 0.063702 0.0625
0 0.6875 0.264009 0.103365 0.049569
0 0.11238 0.306034 0.075721 0.077586
0 0.136418 0.377155 0.032452 0.064655
0 0.125 0.443966 0.115385 0.142241
0 0.107572 0.385776 0.032452 0.060345
0 0.034856 0.052802 0.055288 0.101293
0 0.365986 0.576509 0.121394 0.092672
0 0.302284 0.626078 0.061298 0.0625
0 0.358774 0.661638 0.128606 0.064655
0 0.19351 0.669181 0.153846 0.096983
0 0.094952 0.56681 0.060096 0.060345
0 0.045673 0.700431 0.064904 0.099138
0 0.100361 0.795259 0.198317 0.137931
0 0.200721 0.878233 0.257212 0.114224
0 0.371394 0.790948 0.100962 0.103448
0 0.467548 0.836207 0.125 0.094828
0 0.375601 0.919181 0.116587 0.153017
0 0.515024 0.919181 0.147837 0.101293
0 0.657452 0.797414 0.182692 0.090517
0 0.769832 0.461207 0.114183 0.077586
0 0.845553 0.485991 0.078125 0.079741
0 0.856971 0.563578 0.091346 0.096983
0 0.875601 0.673491 0.05649 0.088362
0 0.920673 0.662716 0.067308 0.105603
0 0.909255 0.786638 0.094952 0.112069
0 0.890024 0.866379 0.106971 0.112069
0 0.766827 0.670259 0.134615 0.090517
0 0.716346 0.594828 0.112981 0.090517
0 0.608774 0.579741 0.106971 0.12931
0 0.578125 0.512931 0.036058 0.112069
0 0.51262 0.485991 0.080529 0.114224
0 0.463942 0.601293 0.060096 0.073276
0 0.52524 0.621767 0.069712 0.118534
0 0.564303 0.710129 0.157452 0.053879
0 0.646635 0.671336 0.115385 0.079741
0 0.507812 0.766164 0.128606 0.075431
0 0.246995 0.550647 0.044471 0.053879
0 0.206731 0.602371 0.115385 0.053879
0 0.403245 0.44181 0.042067 0.064655
0 0.441106 0.498922 0.036058 0.045259
0 0.641827 0.451509 0.038462 0.084052
0 0.686298 0.487069 0.110577 0.081897
0 0.823317 0.761853 0.120192 0.088362
0 0.788462 0.835129 0.108173 0.092672
0 0.644832 0.895474 0.102163 0.109914
0 0.743389 0.951509 0.106971 0.088362
0 0.640625 0.974138 0.072115 0.051724
