0 0.265625 0.391164 0.15625 0.196121
0 0.162861 0.491379 0.075721 0.073276
0 0.094351 0.605603 0.094952 0.056034
0 0.105168 0.707974 0.094952 0.045259
0 0.444111 0.530172 0.061298 0.211207
0 0.507812 0.474138 0.126202 0.073276
0 0.896034 0.189655 0.073317 0.327586
0 0.147236 0.849138 0.044471 0.125
0 0.086538 0.760776 0.055288 0.056034
0 0.248798 0.681034 0.108173 0.090517
0 0.175481 0.634698 0.086538 0.084052
0 0.324519 0.735991 0.103365 0.243534
0 0.069111 0.96875 0.135817 0.0625
0 0.034255 0.862069 0.066106 0.051724
0 0.564904 0.793103 0.115385 0.181034
0 0.844952 0.546336 0.067308 0.127155
0 0.905048 0.682112 0.072115 0.256466
0 0.684495 0.840517 0.104567 0.125
0 0.744591 0.9375 0.159856 0.090517
0 0.432692 0.862069 0.072115 0.159483
0 0.30649 0.576509 0.09375 0.084052
0 0.573317 0.618534 0.079327 0.047414
0 0.322716 0.928879 0.123798 0.142241
0 0.521635 0.949353 0.209135 0.088362
0 0.684495 0.734914 0.123798 0.073276
0 0.203726 0.810345 0.02524 0.073276
0 0.234375 0.83944 0.069712 0.045259
0 0.4375 0.0625 0.055288 0.068966
0 0.817909 0.418103 0.061298 0.064655
0 0.879808 0.900862 0.141827 0.168103
0 0.744591 0.520474 0.123798 0.105603
0 0.949519 0.303879 0.03125 0.077586
0 0.986178 0.380388 0.027644 0.05819
0 0.980769 0.482759 0.038462 0.133621
0 0.521034 0.537716 0.102163 0.049569
0 0.447115 0.702586 0.127404 0.150862
0 0.382812 0.550647 0.05649 0.140086
0 0.632812 0.522629 0.092548 0.045259
0 0.774038 0.830819 0.067308 0.109914
0 0.830529 0.605603 0.072115 0.064655
0 0.972356 0.78556 0.055288 0.428879
0 0.897236 0.515086 0.044471 0.051724
0 0.688101 0.623922 0.114183 0.036638
0 0.647236 0.576509 0.082933 0.049569
0 0.874399 0.393319 0.058894 0.109914
0 0.609375 0.675647 0.120192 0.045259
0 0.526442 0.571121 0.045673 0.034483
0 0.555288 0.59375 0.057692 0.040948
