0 0.540264 0.590517 0.061298 0.094828
0 0.617188 0.557112 0.051683 0.105603
0 0.640024 0.625 0.06851 0.086207
0 0.189303 0.19181 0.070913 0.181034
0 0.262019 0.18319 0.036058 0.099138
0 0.321514 0.167026 0.044471 0.118534
0 0.078125 0.107759 0.127404 0.211207
0 0.071514 0.232759 0.046875 0.056034
0 0.494591 0.202586 0.082933 0.056034
0 0.668269 0.292026 0.040865 0.165948
0 0.766827 0.27694 0.088942 0.101293
0 0.728365 0.360991 0.0625 0.096983
0 0.928486 0.303879 0.11899 0.168103
0 0.945312 0.082974 0.109375 0.161638
0 0.634615 0.461207 0.057692 0.077586
0 0.569111 0.478448 0.075721 0.073276
0 0.479567 0.496767 0.137019 0.105603
0 0.409255 0.668103 0.18149 0.094828
0 0.382812 0.813578 0.111779 0.114224
0 0.472957 0.93319 0.304087 0.116379
0 0.521034 0.835129 0.133413 0.140086
0 0.668269 0.804957 0.052885 0.157328
0 0.76863 0.896552 0.155048 0.112069
0 0.769832 0.821121 0.111779 0.103448
0 0.763221 0.747845 0.137019 0.107759
0 0.777043 0.625 0.106971 0.125
0 0.789663 0.530172 0.067308 0.116379
0 0.908654 0.475216 0.064904 0.079741
0 0.935096 0.570043 0.052885 0.088362
0 0.932692 0.74569 0.110577 0.12931
0 0.142428 0.928879 0.282452 0.142241
0 0.16226 0.77694 0.233173 0.161638
0 0.195913 0.613147 0.245192 0.096983
0 0.129207 0.516164 0.133413 0.118534
0 0.256611 0.529095 0.143029 0.084052
0 0.684495 0.5625 0.082933 0.073276
0 0.900841 0.957974 0.080529 0.084052
0 0.915264 0.836207 0.085337 0.086207
0 0.856971 0.646552 0.081731 0.081897
0 0.86899 0.560345 0.084135 0.086207
0 0.563101 0.68319 0.06851 0.056034
0 0.609976 0.721983 0.078125 0.103448
0 0.497596 0.743534 0.139423 0.043103
0 0.411659 0.584052 0.147837 0.060345
