0 0.285457 0.229526 0.078125 0.084052
0 0.469952 0.322198 0.213942 0.230603
0 0.715144 0.231681 0.038462 0.075431
0 0.871394 0.264009 0.069712 0.096983
0 0.944111 0.25431 0.111779 0.056034
0 0.774038 0.512931 0.125 0.060345
0 0.66226 0.544181 0.057692 0.088362
0 0.594952 0.539871 0.076923 0.075431
0 0.555288 0.59375 0.060096 0.05819
0 0.495192 0.631466 0.057692 0.056034
0 0.536659 0.728448 0.075721 0.081897
0 0.565505 0.80819 0.121394 0.099138
0 0.533053 0.893319 0.167067 0.161638
0 0.28125 0.91056 0.233173 0.178879
0 0.16226 0.87931 0.098558 0.099138
0 0.293269 0.727371 0.127404 0.165948
0 0.168269 0.663793 0.081731 0.077586
0 0.252404 0.577586 0.127404 0.068966
0 0.230769 0.605603 0.086538 0.043103
0 0.091346 0.494612 0.0625 0.088362
0 0.073918 0.525862 0.03726 0.086207
0 0.075721 0.417026 0.036058 0.101293
0 0.089543 0.394397 0.034856 0.051724
0 0.638822 0.309267 0.061298 0.084052
0 0.398438 0.534483 0.121394 0.068966
0 0.417668 0.631466 0.044471 0.094828
0 0.38762 0.71444 0.090144 0.05819
0 0.412861 0.802802 0.049279 0.088362
0 0.507212 0.783405 0.076923 0.0625
0 0.677885 0.679957 0.076923 0.109914
0 0.785457 0.617457 0.082933 0.053879
0 0.870192 0.684267 0.15625 0.140086
0 0.707933 0.493534 0.088942 0.081897
0 0.611178 0.469828 0.030048 0.099138
0 0.099159 0.71875 0.138221 0.144397
0 0.114183 0.59375 0.120192 0.118534
0 0.831731 0.849138 0.189904 0.125
0 0.70613 0.77694 0.116587 0.127155
0 0.824519 0.5625 0.173077 0.047414
0 0.72476 0.609914 0.036058 0.073276
0 0.60637 0.669181 0.085337 0.071121
0 0.535457 0.549569 0.054087 0.081897
0 0.155048 0.487069 0.072115 0.034483
0 0.185096 0.349138 0.021635 0.030172
0 0.742788 0.962284 0.060096 0.075431
0 0.885216 0.938578 0.133413 0.088362
0 0.945312 0.795259 0.109375 0.081897
0 0.789663 0.474138 0.040865 0.051724
0 0.963341 0.55819 0.073317 0.176724
0 0.952524 0.671336 0.094952 0.092672
0 0.070312 0.881466 0.138221 0.181034
0 0.348558 0.584052 0.127404 0.090517
0 0.659255 0.87931 0.092548 0.081897
0 0.748798 0.679957 0.079327 0.075431
0 0.798077 0.752155 0.079327 0.060345
0 0.013822 0.43319 0.02524 0.077586
