0 0.958801 0.544843 0.082072 0.23261
0 0.266276 0.363107 0.205558 0.168933
0 0.511129 0.112606 0.136722 0.126829
0 0.956082 0.76906 0.086968 0.251493
0 0.686404 0.722461 0.163672 0.305287
0 0.138426 0.328112 0.176938 0.25694
0 0.941471 0.14703 0.115709 0.29406
0 0.810271 0.165128 0.072572 0.198405
0 0.368336 0.211254 0.255435 0.172257
0 0.348215 0.657663 0.231941 0.114239
0 0.695182 0.655317 0.145566 0.20576
0 0.673204 0.428202 0.193748 0.198406
0 0.240078 0.397954 0.230058 0.162415
0 0.939562 0.350015 0.120876 0.241289
0 0.097094 0.801159 0.185222 0.17665
0 0.700866 0.415897 0.239683 0.215204
0 0.593321 0.65069 0.12909 0.091043
0 0.957816 0.499918 0.082534 0.293298
