0 0.972349 0.787712 0.054377 0.217995
0 0.974591 0.58851 0.050766 0.229953
0 0.08042 0.593217 0.09213 0.169669
0 0.643014 0.531615 0.242518 0.151818
0 0.382705 0.848303 0.15432 0.137783
0 0.212102 0.337144 0.219153 0.176827
0 0.952505 0.37038 0.09499 0.245444
0 0.164775 0.823555 0.198686 0.306053
0 0.19636 0.314567 0.264093 0.194152
0 0.766159 0.431817 0.2283 0.131568
0 0.717637 0.140711 0.206238 0.152266
0 0.602008 0.542266 0.253612 0.151956
0 0.576081 0.307197 0.33836 0.184439
0 0.715418 0.74981 0.360062 0.204587
0 0.414185 0.379754 0.239899 0.167028
0 0.368959 0.648609 0.217578 0.103387
0 0.228076 0.058146 0.337488 0.109732
0 0.47296 0.587624 0.221256 0.16773
0 0.398519 0.184542 0.186223 0.148584
0 0.694167 0.147984 0.135604 0.128507
0 0.644344 0.950108 0.241939 0.093804
0 0.136768 0.811204 0.193429 0.273918
0 0.979638 0.593399 0.040724 0.188814
