0 0.242323 0.868723 0.052374 0.236279
0 0.130512 0.639652 0.261025 0.178831
0 0.951196 0.517444 0.097057 0.241372
0 0.800066 0.096032 0.219418 0.16664
0 0.323493 0.163524 0.329257 0.174561
0 0.360307 0.445158 0.212297 0.166659
0 0.712459 0.777955 0.381628 0.232227
0 0.750916 0.413883 0.381331 0.170542
0 0.791448 0.950156 0.17768 0.099689
0 0.939329 0.285511 0.052207 0.247876
0 0.470879 0.62509 0.063018 0.24469
0 0.380759 0.197289 0.217559 0.215072
0 0.49978 0.35165 0.110278 0.234449
0 0.324098 0.430881 0.28372 0.17806
0 0.308736 0.676852 0.153091 0.230828
0 0.115647 0.077518 0.216033 0.153167
