0 0.483447 0.42935 0.285689 0.148599
0 0.820433 0.843445 0.159433 0.200016
0 0.821332 0.096629 0.284313 0.169933
0 0.233181 0.366926 0.217394 0.200159
0 0.248348 0.083526 0.385945 0.157957
0 0.8063 0.343056 0.387401 0.193524
0 0.546476 0.879917 0.122323 0.187068
0 0.214649 0.71223 0.403286 0.172558
0 0.216904 0.343267 0.229009 0.180221
0 0.979988 0.88153 0.039599 0.085848
0 0.317976 0.755676 0.21377 0.128325
0 0.330895 0.529522 0.363606 0.144983
0 0.441391 0.700287 0.227698 0.172292
0 0.375386 0.270624 0.268548 0.143548
0 0.820808 0.313049 0.35244 0.220805
0 0.77856 0.102897 0.218167 0.166325
