0 0.53651 0.882216 0.130477 0.170941
0 0.552853 0.456668 0.20806 0.142206
0 0.054509 0.836158 0.109017 0.221502
0 0.328692 0.563273 0.23189 0.284152
0 0.860941 0.879826 0.113966 0.136843
0 0.589526 0.62983 0.184818 0.196963
0 0.233329 0.089604 0.351556 0.179209
0 0.928298 0.342451 0.142695 0.108792
0 0.880264 0.096269 0.237461 0.187294
0 0.325194 0.118938 0.278028 0.202142
0 0.3708 0.155024 0.191664 0.246382
0 0.260404 0.868647 0.219857 0.165246
0 0.793956 0.365872 0.412089 0.200407
0 0.834892 0.696875 0.330042 0.207356
0 0.842432 0.069041 0.31204 0.132582
0 0.602533 0.059341 0.038982 0.06353
0 0.383797 0.176145 0.178771 0.323347
0 0.923885 0.130016 0.151488 0.256886
0 0.284753 0.102236 0.344108 0.193122
0 0.852086 0.666791 0.295828 0.189947
0 0.840772 0.384626 0.307265 0.205152
0 0.362671 0.577216 0.229347 0.269606
0 0.789944 0.908333 0.277314 0.146774
0 0.05785 0.464757 0.1157 0.436134
