0 0.869755 0.189752 0.029496 0.091833
0 0.259307 0.200055 0.209453 0.22207
0 0.494298 0.154262 0.255811 0.126242
0 0.846082 0.80794 0.178019 0.198502
0 0.976012 0.164002 0.047802 0.209344
0 0.454359 0.295839 0.219633 0.207274
0 0.919979 0.054858 0.109969 0.109716
0 0.232315 0.184074 0.202932 0.196807
0 0.726468 0.081499 0.210424 0.161285
0 0.180054 0.467772 0.349113 0.163639
0 0.205339 0.179147 0.14481 0.195372
0 0.329172 0.690009 0.319775 0.19483
0 0.797035 0.489903 0.19218 0.126074
0 0.82375 0.326995 0.352501 0.157832
0 0.806956 0.788755 0.250816 0.162991
0 0.7507 0.319788 0.409657 0.163075
0 0.547889 0.460022 0.192452 0.104477
0 0.870859 0.057242 0.202477 0.114483
0 0.03439 0.225727 0.068779 0.349331
0 0.343169 0.719357 0.252764 0.161289
