0 0.545401 0.431250 0.050708 0.062500
0 0.091392 0.636458 0.079009 0.118750
0 0.650354 0.429167 0.069575 0.091667
0 0.561910 0.486458 0.074292 0.043750
0 0.584316 0.231250 0.076651 0.058333
0 0.175118 0.863542 0.126179 0.268750
0 0.811321 0.904167 0.042453 0.183333
0 0.253538 0.462500 0.160377 0.095833
0 0.364387 0.505208 0.082547 0.060417
0 0.775943 0.479167 0.103774 0.087500
0 0.567217 0.930208 0.061321 0.127083
0 0.581958 0.538542 0.229953 0.097917
0 0.727005 0.858333 0.069575 0.283333
0 0.533019 0.791667 0.158019 0.112500
0 0.433962 0.441667 0.143868 0.154167
0 0.308373 0.748958 0.137972 0.127083
