0 0.964185 0.598158 0.07132 0.242484
0 0.12123 0.362751 0.119019 0.238247
0 0.546584 0.446178 0.155308 0.080819
0 0.549952 0.156962 0.171176 0.165484
0 0.203033 0.894058 0.146905 0.160324
0 0.670325 0.438487 0.148054 0.215922
0 0.275435 0.410934 0.261534 0.169474
0 0.958938 0.819292 0.081673 0.252842
0 0.469781 0.622804 0.255008 0.167161
0 0.752417 0.388204 0.14673 0.130422
0 0.235141 0.06601 0.326207 0.127226
0 0.953135 0.221481 0.093234 0.276717
0 0.461297 0.19326 0.322249 0.204771
0 0.459185 0.236745 0.33519 0.246998
0 0.920276 0.879387 0.052167 0.214362
0 0.074255 0.967363 0.144376 0.065274
0 0.400119 0.912045 0.409885 0.157538
0 0.646568 0.752777 0.301631 0.177453
0 0.594967 0.807023 0.431179 0.207553
0 0.033006 0.297247 0.066013 0.291294
0 0.945745 0.193346 0.108509 0.368919
