0 0.955944 0.626201 0.08743 0.270905
0 0.954453 0.848958 0.090108 0.26669
0 0.147244 0.278022 0.281861 0.176279
0 0.651167 0.483671 0.190413 0.1806
0 0.708944 0.069421 0.205773 0.138843
0 0.51341 0.107736 0.247863 0.173202
0 0.769249 0.871545 0.092301 0.203547
0 0.84021 0.067078 0.198982 0.123526
0 0.606706 0.85306 0.197957 0.21981
0 0.233393 0.565225 0.330111 0.15582
0 0.294355 0.322067 0.121667 0.292647
0 0.499308 0.472343 0.186761 0.10128
0 0.16253 0.241904 0.26116 0.114468
0 0.893499 0.882144 0.056039 0.220279
0 0.186456 0.518861 0.342562 0.152963
0 0.214322 0.543576 0.392437 0.178764
0 0.937786 0.198424 0.124428 0.343685
0 0.066765 0.877876 0.121793 0.14922
0 0.190094 0.720294 0.353668 0.195954
