0 0.173349 0.444792 0.084906 0.064583
0 0.839623 0.812500 0.054245 0.187500
0 0.126769 0.712500 0.045991 0.079167
0 0.725825 0.477083 0.163915 0.137500
0 0.319575 0.863542 0.191038 0.243750
0 0.185731 0.520833 0.095519 0.104167
0 0.110259 0.498958 0.064858 0.093750
0 0.241745 0.609375 0.186321 0.102083
0 0.090802 0.397917 0.077830 0.075000
0 0.389151 0.464583 0.077830 0.075000
0 0.380307 0.410417 0.090802 0.058333
0 0.349057 0.654167 0.047170 0.166667
0 0.513561 0.475000 0.175708 0.083333
0 0.426887 0.459375 0.148585 0.081250
