0 0.848176 0.877585 0.093056 0.179454
0 0.980254 0.59945 0.039319 0.230605
0 0.952137 0.39164 0.095726 0.242264
0 0.978931 0.777166 0.04173 0.201315
0 0.761414 0.096487 0.208014 0.153994
0 0.215898 0.411583 0.27983 0.214861
0 0.7352 0.345396 0.139833 0.169625
0 0.141784 0.694169 0.216429 0.132506
0 0.700787 0.697956 0.404271 0.214664
0 0.889795 0.061722 0.194213 0.123444
0 0.723482 0.64994 0.321189 0.161745
0 0.811914 0.624054 0.162513 0.134266
0 0.521695 0.270577 0.359152 0.20826
0 0.305765 0.252554 0.274013 0.195175
0 0.438975 0.484224 0.172833 0.210484
0 0.104403 0.845574 0.208805 0.173455
0 0.21579 0.056693 0.31862 0.108388
0 0.32812 0.240204 0.336349 0.158892
0 0.469865 0.813489 0.335225 0.198904
