0 0.339382 0.38724 0.105824 0.06458
0 0.187021 0.417373 0.107548 0.060932
0 0.833454 0.482427 0.076894 0.193615
0 0.726776 0.609525 0.190944 0.11694
0 0.722328 0.471719 0.206268 0.101062
0 0.562578 0.367849 0.051612 0.058244
0 0.849807 0.771832 0.046875 0.105712
0 0.115618 0.457229 0.068532 0.087526
0 0.132241 0.841554 0.039205 0.247857
0 0.481104 0.51913 0.126142 0.089849
0 0.301029 0.880651 0.132835 0.12488
0 0.846849 0.745703 0.052982 0.159738
0 0.693691 0.46827 0.250131 0.117862
0 0.409603 0.46784 0.149504 0.066533
0 0.376762 0.469517 0.211496 0.075392
0 0.132714 0.704679 0.038698 0.104544
0 0.46459 0.573339 0.155708 0.190224
0 0.671248 0.830745 0.292055 0.139678
