0 0.590144 0.50431 0.036058 0.116379
0 0.454928 0.24569 0.09976 0.090517
0 0.158654 0.181034 0.108173 0.107759
0 0.215144 0.257543 0.088942 0.05819
0 0.166466 0.353448 0.061298 0.068966
0 0.114183 0.403017 0.09375 0.112069
0 0.070312 0.061422 0.078125 0.118534
0 0.034255 0.134698 0.032452 0.088362
0 0.08774 0.483836 0.055288 0.084052
0 0.089543 0.56681 0.09976 0.142241
0 0.155649 0.584052 0.08774 0.081897
0 0.261418 0.554957 0.121394 0.135776
0 0.296274 0.462284 0.05649 0.084052
0 0.378606 0.463362 0.052885 0.107759
0 0.390625 0.534483 0.117788 0.099138
0 0.492188 0.515086 0.082933 0.077586
0 0.476562 0.625 0.159856 0.068966
0 0.521635 0.576509 0.055288 0.06681
0 0.724159 0.488147 0.085337 0.131466
0 0.938702 0.632543 0.048077 0.196121
0 0.665865 0.713362 0.09375 0.116379
0 0.746995 0.75 0.092548 0.094828
0 0.936298 0.762931 0.103365 0.064655
0 0.871394 0.65625 0.076923 0.096983
0 0.770433 0.642241 0.127404 0.064655
0 0.671274 0.608836 0.239183 0.114224
0 0.382812 0.712284 0.15024 0.096983
0 0.20012 0.711207 0.15024 0.086207
0 0.159856 0.90625 0.317308 0.178879
0 0.080529 0.738147 0.127404 0.165948
0 0.034255 0.334052 0.066106 0.125
0 0.408053 0.797414 0.092548 0.064655
0 0.391827 0.950431 0.117788 0.099138
0 0.626202 0.795259 0.28125 0.12931
0 0.608774 0.924569 0.200721 0.112069
0 0.750601 0.940733 0.058894 0.096983
0 0.856971 0.83944 0.096154 0.122845
0 0.884014 0.938578 0.157452 0.122845
0 0.847356 0.739224 0.081731 0.086207
0 0.533053 0.699353 0.164663 0.075431
0 0.636418 0.518319 0.046875 0.096983
0 0.908053 0.585129 0.049279 0.084052
0 0.814904 0.538793 0.084135 0.137931
0 0.887019 0.346983 0.048077 0.081897
0 0.489183 0.970905 0.043269 0.053879
