0 0.291128 0.355106 0.089442 0.159057
0 0.529846 0.42442 0.11503 0.173963
0 0.508473 0.824499 0.066414 0.231078
0 0.833563 0.564081 0.215345 0.149931
0 0.338986 0.232866 0.215559 0.189676
0 0.402457 0.757646 0.138847 0.235637
0 0.189326 0.840795 0.194015 0.153111
0 0.867173 0.064163 0.254168 0.128326
0 0.540866 0.803076 0.133803 0.238344
0 0.859707 0.083822 0.232661 0.167644
0 0.375866 0.723483 0.181859 0.316423
0 0.373532 0.237493 0.200915 0.215266
0 0.597768 0.59737 0.271126 0.17767
0 0.880116 0.708154 0.239768 0.154996
0 0.099207 0.442473 0.198413 0.127781
0 0.340388 0.574298 0.247502 0.297535
0 0.309511 0.53609 0.244573 0.358007
0 0.909212 0.289959 0.181577 0.127577
0 0.212718 0.132025 0.213927 0.260343
0 0.798807 0.330958 0.402387 0.197124
0 0.806038 0.544962 0.171814 0.162075
0 0.040947 0.259304 0.08176 0.29121
0 0.367865 0.648464 0.210506 0.330407
