0 0.395433 0.331897 0.088942 0.090517
0 0.299279 0.068966 0.064904 0.116379
0 0.209135 0.036638 0.100962 0.068966
0 0.116587 0.106681 0.040865 0.174569
0 0.058894 0.117457 0.050481 0.114224
0 0.110577 0.356681 0.057692 0.036638
0 0.138221 0.478448 0.15625 0.068966
0 0.257812 0.53556 0.231971 0.05819
0 0.227764 0.616379 0.210337 0.081897
0 0.441106 0.625 0.036058 0.103448
0 0.652644 0.4375 0.122596 0.077586
0 0.251803 0.431034 0.051683 0.051724
0 0.251803 0.719828 0.15024 0.081897
0 0.192909 0.835129 0.195913 0.092672
0 0.317909 0.865302 0.121394 0.0625
0 0.389423 0.940733 0.230769 0.101293
0 0.494591 0.87069 0.063702 0.12069
0 0.489183 0.702586 0.048077 0.094828
0 0.600361 0.594828 0.126202 0.060345
0 0.717548 0.596983 0.076923 0.094828
0 0.745793 0.767241 0.061298 0.163793
0 0.841346 0.868534 0.182692 0.099138
0 0.977764 0.743534 0.044471 0.133621
0 0.850962 0.678879 0.134615 0.086207
0 0.935096 0.699353 0.036058 0.096983
0 0.817909 0.584052 0.104567 0.094828
0 0.766827 0.519397 0.108173 0.064655
0 0.697115 0.507543 0.081731 0.101293
0 0.658654 0.546336 0.036058 0.088362
0 0.632812 0.519397 0.063702 0.034483
0 0.587139 0.528017 0.058894 0.060345
0 0.517428 0.543103 0.085337 0.086207
0 0.51863 0.618534 0.061298 0.073276
0 0.398438 0.582974 0.09976 0.109914
0 0.406851 0.711207 0.058894 0.103448
0 0.444712 0.796336 0.048077 0.0625
0 0.132212 0.939655 0.262019 0.12069
0 0.049279 0.840517 0.096154 0.064655
0 0.064303 0.721983 0.11899 0.116379
0 0.061298 0.62069 0.120192 0.081897
