0 0.815007 0.821241 0.202733 0.220356
0 0.35019 0.272111 0.221143 0.159554
0 0.831111 0.092306 0.277229 0.166683
0 0.253265 0.098738 0.393061 0.187171
0 0.81597 0.355072 0.357279 0.185001
0 0.489009 0.429874 0.288619 0.137026
0 0.253318 0.723185 0.383237 0.195959
0 0.921877 0.639503 0.094635 0.155388
0 0.798566 0.106818 0.246007 0.16787
0 0.483699 0.454416 0.28943 0.20322
0 0.863444 0.336688 0.260906 0.182644
0 0.837156 0.513864 0.168213 0.166414
0 0.760554 0.603381 0.304331 0.228488
0 0.886017 0.342529 0.219742 0.148137
