0 0.957107 0.631163 0.084962 0.257597
0 0.954375 0.829971 0.090328 0.240455
0 0.847446 0.249375 0.263174 0.148114
0 0.772433 0.877725 0.09627 0.176642
0 0.646925 0.516729 0.178532 0.129014
0 0.821645 0.244169 0.356711 0.141122
0 0.822921 0.613074 0.192558 0.187072
0 0.608158 0.861684 0.205029 0.203916
0 0.930488 0.425866 0.103815 0.226294
0 0.440565 0.169525 0.276358 0.247707
0 0.040182 0.65317 0.079765 0.143304
0 0.859728 0.064538 0.180888 0.116028
0 0.234297 0.288781 0.22926 0.169282
0 0.256155 0.75526 0.395352 0.193612
0 0.748636 0.058354 0.142974 0.115306
0 0.704075 0.433957 0.166029 0.098808
0 0.205976 0.516611 0.39117 0.128348
0 0.240917 0.605995 0.26301 0.138795
0 0.155381 0.078863 0.25612 0.148613
0 0.205659 0.724593 0.332733 0.191148
0 0.105393 0.499735 0.210785 0.125271
0 0.500299 0.162204 0.165534 0.257453
