0 0.965787 0.587548 0.068089 0.243289
0 0.673474 0.438133 0.174477 0.213324
0 0.541635 0.151196 0.144838 0.118021
0 0.090804 0.806304 0.133558 0.191845
0 0.124276 0.338065 0.077147 0.281532
0 0.657203 0.908512 0.0741 0.179185
0 0.963393 0.811597 0.072723 0.242407
0 0.086067 0.96499 0.156668 0.070019
0 0.328288 0.91498 0.308837 0.156693
0 0.756319 0.383819 0.176356 0.128575
0 0.262098 0.381764 0.250393 0.174953
0 0.34236 0.27143 0.149192 0.170466
0 0.120329 0.518762 0.237181 0.1436
0 0.842686 0.803716 0.061815 0.08904
0 0.208129 0.06368 0.344181 0.119767
0 0.478017 0.204846 0.208689 0.161431
0 0.423309 0.433507 0.076303 0.165972
0 0.913696 0.86345 0.057921 0.247609
0 0.579248 0.724874 0.397756 0.192262
0 0.647228 0.435864 0.122368 0.212146
0 0.953603 0.354907 0.092641 0.255783
0 0.024251 0.251754 0.048503 0.279007
0 0.084259 0.5019 0.168517 0.13642
0 0.455735 0.817251 0.222603 0.150523
