0 0.452479 0.448265 0.089927 0.25662
0 0.906337 0.876211 0.061903 0.21054
0 0.347467 0.505768 0.16052 0.214299
0 0.157241 0.362763 0.311914 0.219645
0 0.844457 0.103698 0.243202 0.184452
0 0.43872 0.715684 0.077559 0.242945
0 0.979821 0.402838 0.04008 0.226559
0 0.62912 0.594171 0.216264 0.206546
0 0.80909 0.909953 0.119602 0.157053
0 0.332252 0.111902 0.353114 0.188373
0 0.860467 0.128338 0.252011 0.231625
0 0.937655 0.565124 0.093568 0.152275
0 0.724646 0.961604 0.213045 0.076793
0 0.35665 0.137675 0.379064 0.236701
0 0.389887 0.250017 0.268516 0.15133
0 0.7776 0.405617 0.380587 0.191898
