0 0.540094 0.287500 0.049528 0.162500
0 0.367335 0.384375 0.102594 0.060417
0 0.559552 0.575000 0.170991 0.104167
0 0.097288 0.627083 0.057783 0.095833
0 0.563090 0.893750 0.093160 0.141667
0 0.810142 0.897917 0.047170 0.195833
0 0.257075 0.498958 0.205189 0.106250
0 0.160967 0.840625 0.178066 0.297917
0 0.544222 0.064583 0.057783 0.120833
0 0.476415 0.505208 0.158019 0.085417
0 0.254717 0.438542 0.122642 0.072917
0 0.229363 0.606250 0.208726 0.129167
0 0.738797 0.773958 0.088443 0.189583
0 0.367335 0.738542 0.170991 0.089583
