0 0.409198 0.472917 0.087264 0.079167
0 0.109670 0.642708 0.070755 0.093750
0 0.149764 0.383333 0.212264 0.108333
0 0.365566 0.416667 0.101415 0.062500
0 0.658019 0.423958 0.089623 0.081250
0 0.590802 0.540625 0.231132 0.106250
0 0.551297 0.430208 0.055425 0.060417
0 0.787146 0.471875 0.090802 0.089583
0 0.289505 0.490625 0.170991 0.068750
0 0.193986 0.842708 0.121462 0.293750
0 0.771226 0.771875 0.047170 0.102083
0 0.774764 0.547917 0.117925 0.179167
0 0.715802 0.901042 0.051887 0.177083
0 0.412736 0.543750 0.162736 0.091667
0 0.539505 0.765625 0.149764 0.106250
0 0.562500 0.915625 0.061321 0.168750
