0 0.132665 0.627083 0.053066 0.104167
0 0.557193 0.394792 0.029481 0.089583
0 0.922759 0.525000 0.154481 0.100000
0 0.585495 0.511458 0.206368 0.102083
0 0.246462 0.261458 0.129717 0.089583
0 0.316038 0.440625 0.172170 0.106250
0 0.841981 0.755208 0.047170 0.256250
0 0.712854 0.904167 0.057783 0.179167
0 0.608491 0.593750 0.202830 0.112500
0 0.624410 0.252083 0.048349 0.091667
0 0.067807 0.671875 0.095519 0.106250
0 0.757665 0.625000 0.128538 0.133333
0 0.208726 0.532292 0.110849 0.097917
0 0.311910 0.664583 0.237028 0.270833
0 0.448703 0.741667 0.064858 0.250000
