0 0.609976 0.422414 0.042067 0.12069
0 0.654447 0.05819 0.02524 0.112069
0 0.956731 0.195043 0.0625 0.045259
0 0.226562 0.266164 0.066106 0.170259
0 0.251803 0.06681 0.034856 0.090517
0 0.0625 0.119612 0.052885 0.114224
0 0.082332 0.40625 0.16226 0.144397
0 0.283654 0.516164 0.125 0.088362
0 0.255409 0.552802 0.133413 0.079741
0 0.571514 0.501078 0.044471 0.084052
0 0.801082 0.511853 0.123798 0.071121
0 0.877404 0.605603 0.09375 0.077586
0 0.898438 0.667026 0.08774 0.0625
0 0.959736 0.678879 0.080529 0.064655
0 0.804688 0.646552 0.063702 0.060345
0 0.76262 0.659483 0.070913 0.064655
0 0.730769 0.692888 0.064904 0.075431
0 0.882812 0.804957 0.133413 0.096983
0 0.875 0.893319 0.084135 0.06681
0 0.793269 0.966595 0.137019 0.06681
0 0.64363 0.950431 0.152644 0.090517
0 0.743389 0.878233 0.085337 0.109914
0 0.683894 0.825431 0.168269 0.081897
0 0.545673 0.83944 0.09375 0.101293
0 0.49399 0.93319 0.175481 0.112069
0 0.376803 0.841595 0.239183 0.213362
0 0.40625 0.59375 0.168269 0.06681
0 0.539062 0.608836 0.094952 0.079741
0 0.519832 0.49569 0.044471 0.133621
0 0.635817 0.642241 0.079327 0.142241
0 0.675481 0.550647 0.134615 0.118534
0 0.786659 0.580819 0.082933 0.06681
0 0.094952 0.519397 0.108173 0.077586
0 0.164663 0.563578 0.069712 0.049569
0 0.219952 0.609914 0.09375 0.073276
0 0.173678 0.692888 0.171875 0.071121
0 0.130409 0.609914 0.102163 0.073276
0 0.0625 0.599138 0.052885 0.077586
0 0.08774 0.797414 0.067308 0.155172
0 0.132212 0.921336 0.060096 0.05819
0 0.167067 0.838362 0.067308 0.099138
0 0.028846 0.772629 0.055288 0.165948
0 0.25 0.739224 0.105769 0.172414
0 0.376803 0.676724 0.121394 0.077586
0 0.489183 0.685345 0.081731 0.081897
0 0.593149 0.747845 0.111779 0.081897
0 0.707933 0.760776 0.096154 0.060345
0 0.97476 0.898707 0.050481 0.060345
0 0.463341 0.511853 0.063702 0.05819
