0 0.957867 0.109219 0.083523 0.17703
0 0.872317 0.827506 0.161749 0.234984
0 0.328403 0.259872 0.281046 0.153201
0 0.422573 0.079495 0.093243 0.15899
0 0.814664 0.469377 0.200695 0.140751
0 0.319357 0.244633 0.352248 0.135811
0 0.690901 0.416504 0.088933 0.189853
0 0.439745 0.596148 0.24152 0.155414
0 0.144359 0.426689 0.286966 0.177858
0 0.840114 0.276174 0.316094 0.207989
0 0.305011 0.686494 0.361524 0.164042
0 0.404299 0.787213 0.209196 0.117565
0 0.587045 0.226137 0.080418 0.14843
0 0.675993 0.104449 0.097266 0.192602
0 0.027124 0.18444 0.054249 0.325991
0 0.544555 0.77447 0.219305 0.273991
0 0.285015 0.255701 0.296887 0.179424
0 0.217069 0.055431 0.30776 0.105744
0 0.844594 0.063122 0.208659 0.087564
0 0.804069 0.958701 0.233794 0.078643
