0 0.679688 0.175647 0.034856 0.165948
0 0.11238 0.262931 0.090144 0.094828
0 0.29387 0.627155 0.090144 0.125
0 0.421274 0.610991 0.09976 0.079741
0 0.790264 0.914871 0.140625 0.170259
0 0.900841 0.568966 0.138221 0.107759
0 0.980168 0.508621 0.039663 0.068966
0 0.867188 0.530172 0.049279 0.133621
0 0.700721 0.502155 0.040865 0.12931
0 0.716947 0.289871 0.027644 0.088362
0 0.53726 0.329741 0.055288 0.038793
0 0.344351 0.445043 0.05649 0.053879
0 0.376803 0.546336 0.082933 0.088362
0 0.302885 0.528017 0.064904 0.099138
0 0.19351 0.578664 0.072115 0.157328
0 0.129207 0.582974 0.049279 0.096983
0 0.079928 0.815733 0.157452 0.140086
0 0.192909 0.755388 0.111779 0.088362
0 0.136418 0.838362 0.13101 0.12069
0 0.206731 0.818966 0.122596 0.163793
0 0.296274 0.764009 0.121394 0.071121
0 0.367188 0.726293 0.102163 0.086207
0 0.29988 0.928879 0.200721 0.103448
0 0.100962 0.940733 0.199519 0.109914
0 0.501803 0.918103 0.186298 0.064655
0 0.632812 0.84375 0.140625 0.114224
0 0.46875 0.809267 0.194712 0.075431
0 0.540264 0.753233 0.152644 0.084052
0 0.644832 0.741379 0.179087 0.112069
0 0.846154 0.787716 0.254808 0.148707
0 0.861779 0.646552 0.163462 0.073276
0 0.709135 0.600216 0.117788 0.131466
0 0.644231 0.632543 0.091346 0.088362
0 0.561298 0.601293 0.117788 0.090517
0 0.547476 0.643319 0.094952 0.079741
0 0.588942 0.935345 0.0625 0.12931
0 0.088341 0.674569 0.174279 0.099138
