0 0.548758 0.440254 0.208203 0.163329
0 0.581793 0.611917 0.167382 0.173164
0 0.338777 0.508111 0.258426 0.291492
0 0.318676 0.155037 0.241063 0.261277
0 0.871027 0.120527 0.251854 0.235678
0 0.848203 0.070069 0.291536 0.132844
0 0.361543 0.158998 0.160861 0.265322
0 0.81728 0.367078 0.365439 0.197371
0 0.826068 0.671321 0.347864 0.198232
0 0.207104 0.211951 0.186715 0.153416
0 0.853837 0.878664 0.122435 0.133497
0 0.033755 0.522882 0.06751 0.29612
0 0.542219 0.876414 0.08977 0.195742
0 0.169357 0.647572 0.207611 0.213985
0 0.233699 0.06801 0.358506 0.135308
0 0.194674 0.072105 0.254308 0.14421
0 0.835306 0.087702 0.251548 0.175405
0 0.284682 0.08907 0.31194 0.169815
0 0.520391 0.808383 0.152678 0.305994
