0 0.138561 0.707292 0.048349 0.114583
0 0.647995 0.469792 0.045991 0.106250
0 0.741745 0.356250 0.087264 0.100000
0 0.368514 0.473958 0.126179 0.068750
0 0.830189 0.581250 0.042453 0.145833
0 0.274764 0.500000 0.070755 0.083333
0 0.424528 0.048958 0.030660 0.093750
0 0.376769 0.167708 0.088443 0.118750
0 0.573703 0.111458 0.050708 0.206250
0 0.671580 0.888542 0.147406 0.193750
0 0.146816 0.805208 0.045991 0.060417
0 0.149175 0.585417 0.083726 0.087500
0 0.691627 0.533333 0.213443 0.091667
0 0.393278 0.570833 0.130896 0.195833
