0 0.968160 0.731250 0.063679 0.175000
0 0.110849 0.628125 0.054245 0.102083
0 0.616745 0.414583 0.049528 0.079167
0 0.682783 0.528125 0.148585 0.085417
0 0.226415 0.394792 0.075472 0.060417
0 0.572524 0.705208 0.159198 0.193750
0 0.162736 0.582292 0.063679 0.168750
0 0.022406 0.411458 0.042453 0.118750
0 0.294811 0.651042 0.113208 0.118750
0 0.269458 0.722917 0.225236 0.258333
0 0.024764 0.389583 0.047170 0.141667
0 0.429835 0.739583 0.086085 0.187500
0 0.834906 0.830208 0.080189 0.214583
0 0.288915 0.518750 0.179245 0.087500
0 0.331958 0.438542 0.121462 0.064583
