0 0.355542 0.246875 0.043632 0.147917
0 0.245873 0.363542 0.057783 0.097917
0 0.100236 0.917708 0.054245 0.156250
0 0.150943 0.340625 0.143868 0.110417
0 0.073113 0.460417 0.080189 0.087500
0 0.607311 0.434375 0.108491 0.227083
0 0.741156 0.401042 0.107311 0.131250
0 0.537146 0.160417 0.076651 0.141667
0 0.745283 0.861458 0.054245 0.131250
0 0.315448 0.385417 0.128538 0.079167
0 0.432783 0.510417 0.186321 0.129167
0 0.291274 0.682292 0.103774 0.197917
0 0.217571 0.435417 0.204009 0.100000
0 0.720519 0.735417 0.110849 0.116667
