0 0.948258 0.354422 0.102585 0.179531
0 0.491613 0.067666 0.214646 0.13374
0 0.358976 0.507957 0.173314 0.144742
0 0.525223 0.471959 0.199236 0.111905
0 0.713188 0.084834 0.189746 0.169667
0 0.783117 0.476103 0.221043 0.125479
0 0.881365 0.053682 0.196937 0.107363
0 0.918067 0.052354 0.123098 0.104708
0 0.045009 0.313004 0.0816 0.280235
0 0.314102 0.715205 0.324829 0.186753
0 0.333661 0.499773 0.217321 0.157996
0 0.807998 0.80307 0.204526 0.188372
0 0.457027 0.611709 0.220216 0.132632
0 0.149211 0.563797 0.28966 0.182588
0 0.788841 0.95803 0.223853 0.083711
0 0.386084 0.280132 0.279277 0.188586
0 0.415562 0.29592 0.226626 0.175104
0 0.286201 0.28057 0.339828 0.202152
0 0.533169 0.799101 0.173835 0.214211
0 0.77865 0.78041 0.261647 0.176913
0 0.212376 0.059956 0.324612 0.111495
0 0.844365 0.811789 0.128381 0.173404
0 0.916134 0.063578 0.148427 0.127157
0 0.795538 0.313686 0.394101 0.181888
