0 0.401533 0.394792 0.057783 0.085417
0 0.135613 0.658333 0.054245 0.116667
0 0.298939 0.446875 0.071934 0.072917
0 0.619104 0.284375 0.066038 0.106250
0 0.163325 0.432292 0.133255 0.097917
0 0.417453 0.111458 0.047170 0.214583
0 0.646816 0.431250 0.090802 0.070833
0 0.735849 0.626042 0.115566 0.189583
0 0.528302 0.506250 0.193396 0.100000
0 0.698113 0.471875 0.205189 0.068750
0 0.587854 0.898958 0.260613 0.177083
0 0.389741 0.588542 0.149764 0.072917
0 0.379717 0.886458 0.094340 0.222917
0 0.217571 0.517708 0.109670 0.118750
