0 0.166466 0.342672 0.159856 0.125
0 0.041466 0.518319 0.080529 0.084052
0 0.191106 0.515086 0.149038 0.125
0 0.221154 0.481681 0.110577 0.101293
0 0.453125 0.037716 0.064904 0.071121
0 0.269832 0.040948 0.049279 0.034483
0 0.820913 0.079741 0.069712 0.056034
0 0.833534 0.061422 0.030048 0.075431
0 0.861779 0.153017 0.048077 0.099138
0 0.899038 0.1875 0.03125 0.12931
0 0.853966 0.274784 0.066106 0.05819
0 0.878005 0.353448 0.034856 0.090517
0 0.884014 0.452586 0.097356 0.150862
0 0.977764 0.415948 0.044471 0.137931
0 0.962139 0.27694 0.042067 0.05819
0 0.986178 0.273707 0.027644 0.034483
0 0.966346 0.334052 0.038462 0.047414
0 0.894231 0.673491 0.168269 0.101293
0 0.765625 0.730603 0.098558 0.077586
0 0.70012 0.659483 0.128606 0.081897
0 0.701923 0.548491 0.125 0.05819
0 0.575721 0.695043 0.052885 0.131466
0 0.571514 0.90625 0.051683 0.174569
0 0.742788 0.946121 0.151442 0.099138
0 0.370192 0.596983 0.173077 0.103448
0 0.444712 0.604526 0.09375 0.0625
0 0.482572 0.568966 0.123798 0.077586
0 0.590745 0.605603 0.123798 0.081897
0 0.241587 0.633621 0.122596 0.125
0 0.249399 0.742457 0.054087 0.084052
0 0.143029 0.866379 0.072115 0.12931
0 0.090144 0.929957 0.086538 0.075431
0 0.079327 0.779095 0.15625 0.122845
0 0.04988 0.885776 0.097356 0.099138
0 0.442308 0.69181 0.151442 0.081897
0 0.390625 0.783405 0.146635 0.0625
0 0.337139 0.803879 0.104567 0.056034
0 0.323918 0.746767 0.080529 0.071121
0 0.766226 0.845905 0.075721 0.049569
0 0.683894 0.850216 0.081731 0.105603
0 0.600962 0.78125 0.057692 0.06681
0 0.366587 0.963362 0.163462 0.073276
0 0.253005 0.885776 0.058894 0.094828
0 0.242788 0.950431 0.040865 0.090517
0 0.322115 0.875 0.112981 0.064655
0 0.411659 0.850216 0.109375 0.0625
0 0.500601 0.911638 0.133413 0.068966
0 0.500601 0.829741 0.085337 0.099138
0 0.512019 0.751078 0.079327 0.06681
0 0.83113 0.867457 0.106971 0.118534
0 0.898438 0.78125 0.145433 0.127155
0 0.852764 0.599138 0.128606 0.056034
0 0.908053 0.950431 0.123798 0.077586
0 0.926683 0.867457 0.084135 0.079741
0 0.630409 0.96875 0.066106 0.0625
0 0.050481 0.647629 0.098558 0.05819
0 0.658053 0.71875 0.090144 0.0625
