0 0.139741 0.722917 0.048349 0.116667
0 0.383844 0.415625 0.050708 0.135417
0 0.833137 0.638542 0.043632 0.143750
0 0.400354 0.467708 0.076651 0.056250
0 0.661557 0.479167 0.044811 0.104167
0 0.650354 0.257292 0.109670 0.077083
0 0.304835 0.489583 0.074292 0.083333
0 0.390920 0.442708 0.088443 0.118750
0 0.418042 0.128125 0.045991 0.177083
0 0.584316 0.352083 0.067217 0.116667
0 0.593160 0.372917 0.073113 0.112500
0 0.377358 0.444792 0.075472 0.118750
0 0.830189 0.660417 0.040094 0.133333
0 0.155660 0.590625 0.089623 0.093750
0 0.578420 0.319792 0.071934 0.172917
0 0.415684 0.148958 0.041274 0.131250
0 0.720519 0.594792 0.172170 0.085417
0 0.758255 0.930208 0.103774 0.114583
0 0.410377 0.602083 0.181604 0.141667
