0 0.785086 0.102955 0.22334 0.193884
0 0.517175 0.431718 0.249812 0.133109
0 0.559986 0.888491 0.131382 0.189918
0 0.825812 0.835888 0.213581 0.184538
0 0.036586 0.520296 0.073172 0.258851
0 0.236169 0.3052 0.210454 0.180511
0 0.918492 0.056274 0.125259 0.109173
0 0.388181 0.147741 0.132838 0.143627
0 0.963446 0.195818 0.072308 0.158521
0 0.823563 0.339394 0.344871 0.184698
0 0.321137 0.534379 0.324959 0.157168
0 0.356789 0.543921 0.239285 0.148615
0 0.298215 0.720654 0.38015 0.184374
0 0.40583 0.270658 0.229189 0.152467
0 0.234535 0.055464 0.316143 0.107933
0 0.758395 0.598119 0.344987 0.223587
0 0.973671 0.456813 0.052358 0.187501
