0 0.535903 0.878637 0.078259 0.194794
0 0.599554 0.603664 0.183043 0.187823
0 0.346216 0.521563 0.293326 0.308971
0 0.318088 0.149557 0.2439 0.232407
0 0.537782 0.452836 0.20514 0.159645
0 0.385191 0.54263 0.23388 0.257247
0 0.355495 0.170583 0.178584 0.266793
0 0.859058 0.070075 0.270458 0.133734
0 0.134718 0.680142 0.244228 0.269254
0 0.241975 0.253904 0.201423 0.222842
0 0.844887 0.64701 0.302272 0.152656
0 0.143723 0.159789 0.258007 0.173834
0 0.727916 0.818068 0.191606 0.13781
0 0.295274 0.121459 0.283336 0.233725
0 0.409504 0.566484 0.208566 0.30166
0 0.256511 0.092778 0.223512 0.185557
0 0.215727 0.085317 0.140513 0.170635
0 0.831832 0.391742 0.332596 0.193081
0 0.860788 0.891392 0.134976 0.131944
0 0.183764 0.23052 0.277619 0.235791
0 0.794465 0.37765 0.41107 0.184783
0 0.788786 0.907118 0.275384 0.132171
0 0.181977 0.150954 0.338641 0.167694
0 0.8921 0.123497 0.2158 0.241841
0 0.159032 0.661203 0.197793 0.198925
