0 0.370283 0.391667 0.082547 0.141667
0 0.133844 0.635417 0.055425 0.112500
0 0.678066 0.309375 0.056604 0.093750
0 0.721108 0.418750 0.055425 0.200000
0 0.731722 0.889583 0.045991 0.204167
0 0.846698 0.615625 0.056604 0.247917
0 0.558373 0.412500 0.038915 0.079167
0 0.538325 0.638542 0.152123 0.085417
0 0.800708 0.468750 0.042453 0.075000
0 0.320165 0.679167 0.211085 0.204167
0 0.221698 0.610417 0.127358 0.100000
0 0.278892 0.487500 0.206368 0.079167
0 0.727594 0.627083 0.122642 0.170833
0 0.448113 0.779167 0.075472 0.220833
