0 0.335337 0.537716 0.151442 0.114224
0 0.588341 0.244612 0.042067 0.075431
0 0.72476 0.053879 0.084135 0.077586
0 0.745793 0.198276 0.063702 0.034483
0 0.233173 0.12931 0.033654 0.086207
0 0.09976 0.073276 0.112981 0.077586
0 0.140024 0.371767 0.176683 0.071121
0 0.109976 0.459052 0.070913 0.077586
0 0.09976 0.523707 0.040865 0.090517
0 0.090144 0.580819 0.067308 0.06681
0 0.224159 0.690733 0.05649 0.05819
0 0.039663 0.684267 0.076923 0.0625
0 0.083534 0.639009 0.140625 0.101293
0 0.082933 0.760776 0.163462 0.107759
0 0.082332 0.900862 0.16226 0.185345
0 0.236178 0.863147 0.082933 0.05819
0 0.36238 0.9375 0.169471 0.086207
0 0.460938 0.803879 0.073317 0.086207
0 0.580529 0.669181 0.098558 0.101293
0 0.654447 0.667026 0.073317 0.092672
0 0.773438 0.655172 0.106971 0.073276
0 0.752404 0.706897 0.09375 0.073276
0 0.848558 0.800647 0.036058 0.114224
0 0.894832 0.878233 0.05649 0.088362
0 0.971755 0.896552 0.05649 0.073276
0 0.915264 0.709052 0.090144 0.077586
0 0.621995 0.474138 0.058894 0.099138
0 0.574519 0.490302 0.038462 0.075431
0 0.576322 0.53556 0.06851 0.06681
0 0.520433 0.605603 0.074519 0.12069
0 0.485577 0.498922 0.038462 0.045259
0 0.519832 0.517241 0.039663 0.047414
0 0.453726 0.572198 0.063702 0.084052
0 0.346755 0.678879 0.116587 0.068966
0 0.373798 0.803879 0.105769 0.064655
0 0.527043 0.936422 0.109375 0.114224
0 0.606971 0.963362 0.064904 0.068966
0 0.653245 0.915948 0.063702 0.068966
0 0.725962 0.895474 0.108173 0.109914
0 0.802284 0.892241 0.061298 0.086207
0 0.748197 0.533405 0.080529 0.06681
0 0.78726 0.594828 0.064904 0.081897
0 0.921274 0.581897 0.157452 0.086207
0 0.948317 0.789871 0.103365 0.079741
0 0.734976 0.807112 0.152644 0.053879
0 0.578125 0.790948 0.153846 0.103448
0 0.465144 0.696121 0.091346 0.094828
0 0.24399 0.585129 0.03125 0.088362
0 0.237981 0.802802 0.048077 0.053879
0 0.336538 0.864224 0.120192 0.056034
0 0.344952 0.445043 0.048077 0.045259
0 0.849159 0.952586 0.042067 0.094828
0 0.730769 0.971983 0.079327 0.056034
0 0.619591 0.863147 0.09976 0.05819
0 0.646034 0.585129 0.159856 0.075431
