0 0.96015 0.580398 0.079501 0.235472
0 0.037985 0.630014 0.07597 0.199103
0 0.82513 0.787164 0.128438 0.147758
0 0.955979 0.780095 0.087441 0.228502
0 0.157996 0.307273 0.191824 0.2468
0 0.95249 0.356348 0.09499 0.253452
0 0.316079 0.373726 0.177749 0.157254
0 0.532295 0.144216 0.170367 0.13159
0 0.316896 0.278526 0.17264 0.17603
0 0.684618 0.782393 0.12927 0.339735
0 0.182448 0.560349 0.22178 0.139698
0 0.427352 0.215316 0.352695 0.184187
0 0.942922 0.145041 0.112947 0.288279
0 0.102028 0.825194 0.172521 0.147481
0 0.029424 0.275089 0.058848 0.25703
0 0.669021 0.941436 0.109395 0.114336
0 0.738481 0.386991 0.145564 0.124505
0 0.54818 0.818858 0.204185 0.167184
0 0.35996 0.090497 0.167772 0.152424
0 0.361096 0.892386 0.403297 0.168929
0 0.28221 0.143762 0.160162 0.144066
0 0.562128 0.493068 0.299699 0.273734
