0 0.547759 0.430208 0.053066 0.056250
0 0.095519 0.639583 0.073113 0.112500
0 0.268868 0.130208 0.148585 0.093750
0 0.250000 0.614583 0.084906 0.179167
0 0.259434 0.465625 0.214623 0.085417
0 0.780660 0.476042 0.099057 0.081250
0 0.662146 0.432292 0.100236 0.077083
0 0.420401 0.493750 0.090802 0.112500
0 0.814269 0.904167 0.045991 0.183333
0 0.183962 0.857292 0.103774 0.256250
0 0.734080 0.887500 0.055425 0.212500
0 0.521226 0.777083 0.181604 0.133333
0 0.559552 0.553125 0.178066 0.085417
0 0.573703 0.921875 0.045991 0.139583
0 0.683962 0.514583 0.136792 0.058333
