0 0.079327 0.290948 0.079327 0.099138
0 0.102764 0.12931 0.02524 0.047414
0 0.364183 0.15194 0.043269 0.053879
0 0.932091 0.182112 0.066106 0.144397
0 0.789062 0.300647 0.039663 0.079741
0 0.67488 0.451509 0.082933 0.092672
0 0.620192 0.528017 0.117788 0.043103
0 0.810697 0.37931 0.06851 0.051724
0 0.873197 0.341595 0.034856 0.023707
0 0.861178 0.493534 0.070913 0.086207
0 0.802885 0.553879 0.028846 0.077586
0 0.698317 0.616379 0.108173 0.064655
0 0.65625 0.740302 0.161058 0.135776
0 0.612981 0.737069 0.048077 0.077586
0 0.780048 0.87931 0.209135 0.142241
0 0.849159 0.832974 0.138221 0.178879
0 0.836538 0.974138 0.180288 0.051724
0 0.414663 0.757543 0.088942 0.075431
0 0.427885 0.806034 0.088942 0.077586
0 0.483173 0.720905 0.038462 0.096983
0 0.533053 0.679957 0.116587 0.071121
0 0.465144 0.586207 0.122596 0.064655
0 0.307091 0.610991 0.123798 0.071121
0 0.238582 0.62069 0.05649 0.094828
0 0.189303 0.607759 0.06851 0.064655
0 0.180288 0.732759 0.105769 0.094828
0 0.05649 0.78125 0.110577 0.088362
0 0.061899 0.813578 0.116587 0.096983
0 0.047476 0.882543 0.039663 0.06681
0 0.069111 0.932112 0.135817 0.088362
0 0.176082 0.817888 0.133413 0.105603
0 0.302885 0.738147 0.112981 0.084052
0 0.364784 0.717672 0.066106 0.051724
0 0.389423 0.662716 0.03125 0.036638
0 0.928486 0.452586 0.143029 0.181034
0 0.823918 0.633621 0.123798 0.081897
0 0.600962 0.943966 0.240385 0.103448
0 0.367188 0.895474 0.176683 0.127155
0 0.345553 0.96444 0.200721 0.0625
0 0.203726 0.91056 0.145433 0.06681
0 0.197115 0.965517 0.105769 0.068966
0 0.308293 0.825431 0.078125 0.094828
0 0.429087 0.693966 0.067308 0.086207
0 0.578726 0.62069 0.092548 0.099138
0 0.610577 0.849138 0.129808 0.090517
0 0.517428 0.851293 0.070913 0.077586
0 0.915865 0.654095 0.110577 0.105603
0 0.90625 0.568966 0.125 0.047414
0 0.963341 0.863147 0.073317 0.131466
0 0.974159 0.742457 0.051683 0.105603
0 0.504207 0.516164 0.063702 0.049569
