0 0.639423 0.414871 0.122596 0.122845
0 0.745793 0.452586 0.044471 0.077586
0 0.829327 0.372845 0.072115 0.090517
0 0.714543 0.533405 0.05649 0.049569
0 0.350361 0.582974 0.051683 0.135776
0 0.367188 0.601293 0.114183 0.068966
0 0.51262 0.548491 0.063702 0.071121
0 0.639423 0.631466 0.103365 0.077586
0 0.976562 0.368534 0.046875 0.060345
0 0.88101 0.578664 0.057692 0.084052
0 0.857572 0.678879 0.044471 0.077586
0 0.740385 0.8125 0.165865 0.077586
0 0.304688 0.786638 0.135817 0.094828
0 0.237981 0.903017 0.134615 0.163793
0 0.127404 0.894397 0.103365 0.068966
0 0.078726 0.602371 0.11899 0.071121
0 0.134014 0.540948 0.090144 0.073276
0 0.088341 0.506466 0.073317 0.051724
0 0.027043 0.50431 0.051683 0.064655
0 0.216346 0.711207 0.084135 0.064655
0 0.337139 0.726293 0.039663 0.073276
0 0.490986 0.690733 0.116587 0.101293
0 0.752404 0.616379 0.069712 0.077586
0 0.84976 0.877155 0.084135 0.12931
0 0.930889 0.94181 0.078125 0.081897
0 0.930889 0.859914 0.075721 0.077586
0 0.923077 0.632543 0.036058 0.105603
0 0.95012 0.65194 0.063702 0.079741
0 0.972957 0.578664 0.054087 0.071121
0 0.210938 0.585129 0.121394 0.084052
0 0.111178 0.731681 0.207933 0.131466
0 0.110577 0.83944 0.129808 0.075431
0 0.358173 0.670259 0.064904 0.073276
0 0.408053 0.93319 0.111779 0.099138
0 0.343149 0.891164 0.03726 0.101293
0 0.547476 0.849138 0.080529 0.107759
0 0.487981 0.900862 0.036058 0.103448
0 0.426683 0.829741 0.132212 0.056034
0 0.40625 0.780172 0.134615 0.094828
0 0.602764 0.860991 0.063702 0.140086
0 0.620793 0.800647 0.066106 0.101293
0 0.630409 0.704741 0.080529 0.090517
0 0.563101 0.675647 0.063702 0.131466
0 0.753005 0.698276 0.183894 0.163793
0 0.748798 0.936422 0.144231 0.118534
0 0.823317 0.577586 0.067308 0.056034
0 0.938101 0.744612 0.123798 0.140086
0 0.575721 0.946121 0.110577 0.090517
