0 0.950402 0.430589 0.098466 0.207656
0 0.493461 0.251898 0.246084 0.143201
0 0.795518 0.812132 0.210435 0.183762
0 0.457924 0.407357 0.232562 0.157294
0 0.980228 0.588539 0.038974 0.097521
0 0.339389 0.460254 0.250914 0.120831
0 0.8372 0.081002 0.2842 0.153443
0 0.578049 0.878224 0.164831 0.139291
0 0.185743 0.363959 0.22318 0.129786
0 0.493953 0.414673 0.281757 0.176432
0 0.76625 0.807315 0.267376 0.157047
0 0.516541 0.772177 0.15863 0.201774
0 0.332723 0.112233 0.372329 0.212543
0 0.307758 0.848355 0.288872 0.190053
0 0.7927 0.07636 0.217615 0.152719
0 0.890575 0.330795 0.201275 0.13414
0 0.828276 0.549737 0.263916 0.134618
0 0.050094 0.27868 0.090274 0.273265
0 0.759011 0.319602 0.402699 0.176065
