0 0.096108 0.904167 0.057783 0.187500
0 0.313679 0.705208 0.155660 0.289583
0 0.715212 0.758333 0.121462 0.091667
0 0.152123 0.327083 0.155660 0.104167
0 0.465212 0.491667 0.090802 0.108333
0 0.075472 0.425000 0.073113 0.091667
0 0.729953 0.359375 0.080189 0.210417
0 0.303066 0.319792 0.108491 0.056250
0 0.744693 0.862500 0.055425 0.158333
0 0.368514 0.290625 0.067217 0.068750
0 0.333726 0.367708 0.091981 0.097917
0 0.548349 0.311458 0.073113 0.052083
0 0.232311 0.372917 0.099057 0.145833
0 0.598467 0.473958 0.067217 0.256250
0 0.804835 0.833333 0.062500 0.237500
