0 0.433293 0.377155 0.058894 0.043103
0 0.527043 0.19181 0.075721 0.060345
0 0.574519 0.050647 0.096154 0.096983
0 0.191106 0.144397 0.103365 0.051724
0 0.102764 0.065733 0.020433 0.088362
0 0.064303 0.243534 0.039663 0.043103
0 0.319111 0.049569 0.022837 0.068966
0 0.238582 0.519397 0.058894 0.086207
0 0.258413 0.553879 0.040865 0.086207
0 0.055288 0.605603 0.096154 0.172414
0 0.137019 0.613147 0.115385 0.079741
0 0.155649 0.6875 0.073317 0.060345
0 0.290865 0.602371 0.096154 0.06681
0 0.427885 0.447198 0.057692 0.049569
0 0.933293 0.15194 0.046875 0.299569
0 0.795673 0.517241 0.081731 0.176724
0 0.903245 0.394397 0.05649 0.081897
0 0.88762 0.357759 0.051683 0.068966
0 0.970553 0.383621 0.058894 0.081897
0 0.97476 0.360991 0.038462 0.053879
0 0.978365 0.475216 0.043269 0.131466
0 0.868389 0.550647 0.05649 0.088362
0 0.670673 0.590517 0.076923 0.099138
0 0.536659 0.609914 0.049279 0.103448
0 0.427885 0.560345 0.081731 0.077586
0 0.304688 0.674569 0.075721 0.064655
0 0.183894 0.74569 0.115385 0.060345
0 0.1875 0.810345 0.038462 0.099138
0 0.328726 0.751078 0.027644 0.144397
0 0.373798 0.707974 0.043269 0.045259
0 0.381611 0.667026 0.039663 0.053879
0 0.365986 0.769397 0.080529 0.099138
0 0.441106 0.741379 0.055288 0.099138
0 0.405649 0.612069 0.123798 0.086207
0 0.178486 0.928879 0.051683 0.142241
0 0.085337 0.796336 0.057692 0.088362
0 0.430889 0.891164 0.109375 0.105603
0 0.355769 0.865302 0.086538 0.075431
0 0.247596 0.923491 0.0625 0.049569
0 0.26262 0.884698 0.046875 0.040948
0 0.688702 0.693966 0.074519 0.081897
0 0.802284 0.72306 0.070913 0.092672
0 0.905649 0.840517 0.155048 0.133621
0 0.959135 0.827586 0.072115 0.090517
0 0.901442 0.733836 0.127404 0.084052
0 0.876202 0.614224 0.098558 0.081897
0 0.736779 0.628233 0.079327 0.088362
0 0.624399 0.909483 0.128606 0.043103
0 0.560697 0.893319 0.11899 0.122845
0 0.317308 0.949353 0.074519 0.101293
0 0.25 0.813578 0.055288 0.045259
0 0.652043 0.735991 0.155048 0.109914
0 0.618389 0.619612 0.094952 0.105603
0 0.783654 0.80819 0.125 0.107759
0 0.748798 0.952586 0.091346 0.094828
0 0.654447 0.835129 0.219952 0.122845
0 0.532452 0.773707 0.096154 0.090517
0 0.288462 0.75431 0.064904 0.137931
0 0.858173 0.922414 0.153846 0.081897
0 0.957933 0.942888 0.079327 0.079741
0 0.430288 0.955819 0.069712 0.088362
0 0.069712 0.942888 0.137019 0.101293
0 0.035457 0.790948 0.06851 0.081897
0 0.060096 0.707974 0.084135 0.06681
