0 0.224036 0.317902 0.209141 0.174388
0 0.96992 0.788216 0.059603 0.201306
0 0.787985 0.063458 0.336938 0.122728
0 0.979756 0.59331 0.040404 0.228122
0 0.746013 0.066515 0.256425 0.13303
0 0.747602 0.399498 0.213853 0.123827
0 0.190965 0.308591 0.263071 0.173395
0 0.412133 0.578199 0.216787 0.194595
0 0.702021 0.956642 0.203785 0.085332
0 0.732785 0.693451 0.347432 0.164831
0 0.640718 0.51836 0.228561 0.142605
0 0.924979 0.05456 0.11479 0.109121
0 0.959454 0.181423 0.080912 0.252484
0 0.094236 0.887632 0.045574 0.217168
0 0.027507 0.772653 0.055013 0.207055
0 0.440936 0.373974 0.270248 0.170905
0 0.706588 0.237429 0.197281 0.14595
0 0.510124 0.366001 0.395094 0.180878
0 0.365187 0.573437 0.311847 0.196651
0 0.12529 0.671947 0.068046 0.250747
0 0.205308 0.86559 0.093056 0.25383
0 0.313169 0.530578 0.402256 0.178673
0 0.20981 0.819961 0.090211 0.344306
