0 0.223558 0.525862 0.060096 0.198276
0 0.403245 0.398707 0.082933 0.077586
0 0.626202 0.200431 0.129808 0.086207
0 0.465745 0.028017 0.054087 0.047414
0 0.852163 0.288793 0.127404 0.112069
0 0.798678 0.445043 0.06851 0.127155
0 0.835337 0.545259 0.03125 0.12069
0 0.902043 0.539871 0.090144 0.109914
0 0.759615 0.621767 0.088942 0.088362
0 0.704327 0.588362 0.088942 0.146552
0 0.502404 0.545259 0.084135 0.099138
0 0.383413 0.734914 0.055288 0.146552
0 0.342548 0.784483 0.127404 0.056034
0 0.228365 0.71875 0.120192 0.092672
0 0.136418 0.806034 0.198317 0.064655
0 0.131611 0.6875 0.03726 0.064655
0 0.129808 0.635776 0.105769 0.034483
0 0.079327 0.667026 0.0625 0.06681
0 0.284856 0.600216 0.129808 0.06681
0 0.407452 0.607759 0.120192 0.060345
0 0.625601 0.715517 0.155048 0.107759
0 0.698918 0.911638 0.092548 0.176724
0 0.867188 0.804957 0.179087 0.127155
0 0.451322 0.924569 0.075721 0.086207
0 0.570913 0.883621 0.040865 0.181034
0 0.609375 0.928879 0.038462 0.142241
0 0.463341 0.780172 0.061298 0.099138
0 0.404447 0.841595 0.097356 0.06681
0 0.310697 0.918103 0.198317 0.068966
0 0.90024 0.641164 0.110577 0.071121
0 0.951322 0.678879 0.085337 0.077586
0 0.96274 0.520474 0.067308 0.045259
0 0.97476 0.205819 0.050481 0.049569
0 0.980168 0.275862 0.039663 0.034483
0 0.965745 0.307112 0.061298 0.032328
0 0.858774 0.896552 0.16226 0.051724
0 0.860577 0.951509 0.091346 0.079741
0 0.511418 0.864224 0.063702 0.133621
0 0.17488 0.898707 0.123798 0.064655
0 0.026442 0.863147 0.050481 0.084052
0 0.0625 0.955819 0.122596 0.079741
0 0.266226 0.947198 0.020433 0.105603
0 0.595553 0.592672 0.128606 0.090517
0 0.653846 0.590517 0.064904 0.081897
0 0.759014 0.764009 0.164663 0.101293
0 0.886418 0.733836 0.063702 0.105603
0 0.963341 0.762931 0.054087 0.099138
0 0.478966 0.69181 0.140625 0.112069
