0 0.968553 0.541997 0.062472 0.271221
0 0.729512 0.427068 0.322062 0.16973
0 0.765188 0.433304 0.242358 0.187663
0 0.821613 0.115256 0.210994 0.182702
0 0.298915 0.333248 0.238164 0.175476
0 0.975874 0.732781 0.048252 0.233691
0 0.156912 0.827649 0.156601 0.172058
0 0.151998 0.963995 0.149636 0.071694
0 0.717714 0.751095 0.360094 0.179299
0 0.356314 0.686587 0.350644 0.168058
0 0.399284 0.908346 0.155831 0.171926
0 0.833231 0.2932 0.174202 0.119011
0 0.280285 0.145167 0.276113 0.141997
0 0.32196 0.124515 0.316484 0.129618
0 0.018344 0.434795 0.036689 0.113274
0 0.822813 0.674236 0.223336 0.123671
0 0.749755 0.208006 0.06613 0.235699
0 0.613024 0.098736 0.110574 0.185414
0 0.024338 0.853379 0.048677 0.103531
0 0.795006 0.910796 0.168461 0.157029
