0 0.541181 0.106133 0.145137 0.207095
0 0.954293 0.8185 0.090459 0.265788
0 0.895768 0.870135 0.054854 0.242025
0 0.727913 0.251464 0.135339 0.213846
0 0.483166 0.100552 0.268594 0.188085
0 0.504476 0.398055 0.188019 0.110243
0 0.956361 0.597438 0.086642 0.258241
0 0.28549 0.225445 0.228262 0.146986
0 0.516254 0.280888 0.066044 0.176471
0 0.023062 0.370635 0.046125 0.163407
0 0.196169 0.056436 0.334616 0.111592
0 0.149025 0.429578 0.218623 0.305602
0 0.813483 0.874566 0.101753 0.085829
0 0.587119 0.84209 0.180239 0.158084
0 0.337336 0.494301 0.187628 0.150197
0 0.315096 0.257344 0.232445 0.184217
0 0.18017 0.395732 0.177877 0.237677
0 0.603675 0.80592 0.200689 0.226157
0 0.463408 0.942195 0.199345 0.107051
0 0.935607 0.205169 0.123281 0.392158
0 0.059154 0.618633 0.117602 0.145042
0 0.926412 0.352818 0.113967 0.258886
0 0.733942 0.863806 0.079782 0.12626
0 0.93479 0.1505 0.130421 0.298295
0 0.267752 0.527813 0.258997 0.135246
0 0.616202 0.965033 0.107343 0.069933
0 0.212462 0.91875 0.403265 0.153481
