0 0.090194 0.381184 0.086258 0.271134
0 0.742515 0.11961 0.261917 0.136259
0 0.972076 0.580719 0.055814 0.245321
0 0.427619 0.164903 0.163299 0.131541
0 0.776669 0.423912 0.231904 0.096246
0 0.057224 0.815637 0.11407 0.2278
0 0.240953 0.329217 0.251111 0.170802
0 0.071521 0.530536 0.143042 0.156197
0 0.219485 0.054995 0.325009 0.104609
0 0.72217 0.750027 0.377377 0.206791
0 0.538061 0.308234 0.379555 0.170235
0 0.310484 0.875335 0.349339 0.130844
0 0.979666 0.618622 0.040669 0.156726
0 0.694923 0.129482 0.16702 0.119956
0 0.959302 0.181945 0.081107 0.252454
0 0.876136 0.054478 0.21009 0.108957
0 0.305547 0.04106 0.158702 0.082121
0 0.369808 0.836303 0.180739 0.123406
0 0.736251 0.71271 0.36145 0.161166
0 0.250092 0.306972 0.281906 0.178928
0 0.122421 0.729896 0.168608 0.239444
