0 0.964912 0.591133 0.069732 0.239992
0 0.845521 0.903021 0.078248 0.156788
0 0.961725 0.814794 0.076112 0.246792
0 0.6135 0.181673 0.177008 0.134574
0 0.098745 0.79625 0.144751 0.175186
0 0.515674 0.091146 0.101576 0.182291
0 0.70126 0.449207 0.172904 0.145042
0 0.127616 0.370031 0.115757 0.243963
0 0.514875 0.506379 0.205551 0.097701
0 0.342048 0.913771 0.280763 0.148163
0 0.94653 0.362155 0.10694 0.254643
0 0.377569 0.700911 0.224921 0.119023
0 0.023721 0.773775 0.047443 0.210643
0 0.293019 0.404678 0.269203 0.152203
0 0.638963 0.770067 0.381867 0.283614
0 0.191371 0.066236 0.289904 0.125019
0 0.37345 0.920553 0.204761 0.141851
0 0.451683 0.264373 0.30759 0.154814
0 0.958183 0.18754 0.083533 0.251552
0 0.033276 0.286932 0.066552 0.305838
0 0.912858 0.144023 0.174284 0.280317
0 0.674481 0.954043 0.187531 0.091858
0 0.714912 0.358746 0.192523 0.143121
0 0.943582 0.148995 0.112799 0.279543
