0 0.549944 0.466337 0.104112 0.182601
0 0.365751 0.415937 0.170835 0.156587
0 0.432034 0.804817 0.083281 0.20365
0 0.79876 0.340353 0.40248 0.213499
0 0.287637 0.197464 0.393718 0.163585
0 0.874515 0.072634 0.248905 0.145269
0 0.555 0.101085 0.046795 0.05901
0 0.345584 0.581303 0.247419 0.264209
0 0.557831 0.829361 0.139672 0.243575
0 0.276401 0.838917 0.220438 0.165759
0 0.881876 0.106648 0.236248 0.213296
0 0.883632 0.714455 0.232736 0.184672
0 0.61731 0.620911 0.253546 0.136851
0 0.918848 0.114598 0.162305 0.227097
0 0.199387 0.05259 0.243862 0.105179
0 0.790924 0.827679 0.225092 0.15817
0 0.946829 0.134802 0.105394 0.19545
0 0.449445 0.170237 0.283584 0.15369
0 0.612349 0.645541 0.265736 0.192356
0 0.632964 0.638694 0.226507 0.153618
