0 0.666466 0.432112 0.147837 0.135776
0 0.667668 0.135776 0.164663 0.094828
0 0.775841 0.036638 0.145433 0.068966
0 0.311899 0.278017 0.159856 0.073276
0 0.25 0.086207 0.088942 0.103448
0 0.061899 0.086207 0.05649 0.103448
0 0.091947 0.025862 0.032452 0.047414
0 0.134014 0.057112 0.044471 0.109914
0 0.079928 0.270474 0.070913 0.118534
0 0.094351 0.366379 0.058894 0.112069
0 0.087139 0.425647 0.051683 0.06681
0 0.109375 0.494612 0.122596 0.096983
0 0.105769 0.576509 0.137019 0.0625
0 0.248798 0.571121 0.278846 0.150862
0 0.093149 0.822198 0.063702 0.338362
0 0.292067 0.697198 0.151442 0.071121
0 0.451923 0.587284 0.132212 0.096983
0 0.567308 0.529095 0.043269 0.140086
0 0.58774 0.670259 0.057692 0.077586
0 0.552284 0.743534 0.082933 0.077586
0 0.444111 0.894397 0.159856 0.193966
0 0.27524 0.78556 0.100962 0.071121
0 0.170072 0.87931 0.11899 0.112069
0 0.177885 0.769397 0.084135 0.12069
0 0.228966 0.936422 0.16226 0.122845
0 0.580529 0.826509 0.125 0.06681
0 0.450721 0.674569 0.127404 0.086207
0 0.75601 0.653017 0.088942 0.12069
0 0.832332 0.578664 0.128606 0.114224
0 0.920072 0.769397 0.09976 0.116379
0 0.837139 0.774784 0.090144 0.096983
0 0.742188 0.768319 0.114183 0.084052
0 0.68149 0.711207 0.040865 0.090517
0 0.932091 0.690733 0.044471 0.109914
0 0.680889 0.907328 0.21274 0.112069
0 0.594952 0.956897 0.170673 0.077586
0 0.91887 0.970905 0.106971 0.05819
0 0.8125 0.94181 0.057692 0.116379
0 0.359976 0.882543 0.075721 0.105603
0 0.715144 0.556034 0.120192 0.086207
0 0.625 0.515086 0.038462 0.081897
0 0.648438 0.622845 0.102163 0.090517
0 0.073918 0.784483 0.145433 0.107759
0 0.057692 0.900862 0.112981 0.073276
0 0.048678 0.966595 0.090144 0.06681
0 0.292668 0.474138 0.022837 0.077586
0 0.514423 0.518319 0.084135 0.075431
0 0.939904 0.602371 0.100962 0.105603
0 0.941707 0.890086 0.116587 0.068966
0 0.865986 0.859914 0.061298 0.047414
0 0.66887 0.767241 0.179087 0.081897
