0 0.096108 0.617708 0.053066 0.085417
0 0.570755 0.908333 0.089623 0.137500
0 0.725825 0.469792 0.112028 0.072917
0 0.629717 0.498958 0.226415 0.102083
0 0.808962 0.901042 0.047170 0.189583
0 0.360849 0.429167 0.082547 0.054167
0 0.607901 0.396875 0.090802 0.106250
0 0.535967 0.416667 0.041274 0.054167
0 0.479953 0.497917 0.153302 0.070833
0 0.166863 0.842708 0.187500 0.310417
0 0.315448 0.962500 0.064858 0.075000
0 0.256486 0.436458 0.119104 0.068750
0 0.632665 0.396875 0.133255 0.106250
0 0.583137 0.584375 0.114387 0.072917
0 0.599646 0.321875 0.064858 0.097917
0 0.346698 0.734375 0.122642 0.093750
0 0.248821 0.502083 0.183962 0.112500
