0 0.767061 0.417066 0.370478 0.16869
0 0.706178 0.780922 0.403429 0.198581
0 0.382324 0.214484 0.212701 0.241593
0 0.281708 0.704268 0.102907 0.254936
0 0.081566 0.572239 0.100842 0.114487
0 0.348861 0.218787 0.296978 0.247111
0 0.543183 0.617475 0.148293 0.145615
0 0.023238 0.387015 0.046476 0.165477
0 0.787989 0.953821 0.168925 0.092358
0 0.372505 0.884504 0.168922 0.154519
0 0.378285 0.494393 0.259564 0.169237
0 0.145115 0.830336 0.065411 0.244508
0 0.308323 0.434376 0.38067 0.149944
0 0.959686 0.572569 0.079858 0.214336
0 0.328685 0.460749 0.379969 0.189483
0 0.656493 0.560532 0.122243 0.117024
0 0.794602 0.426893 0.279638 0.180709
0 0.074751 0.069557 0.145114 0.137867
0 0.307664 0.697069 0.108895 0.255258
0 0.411321 0.690031 0.084148 0.158308
0 0.391199 0.253606 0.206942 0.265081
0 0.537721 0.276358 0.106351 0.247793
