0 0.743514 0.597917 0.050708 0.220833
0 0.094340 0.634375 0.063679 0.102083
0 0.772995 0.466667 0.161557 0.141667
0 0.387972 0.368750 0.042453 0.041667
0 0.244693 0.459375 0.145047 0.085417
0 0.574292 0.920833 0.084906 0.133333
0 0.551297 0.522917 0.107311 0.058333
0 0.359670 0.496875 0.080189 0.064583
0 0.182783 0.860417 0.099057 0.204167
0 0.535967 0.425000 0.045991 0.045833
0 0.807193 0.906250 0.043632 0.179167
0 0.376179 0.916667 0.327830 0.137500
0 0.195755 0.554167 0.146226 0.083333
0 0.366156 0.443750 0.076651 0.050000
0 0.375590 0.704167 0.163915 0.095833
