0 0.082332 0.229526 0.080529 0.075431
0 0.407452 0.105603 0.048077 0.103448
0 0.614784 0.158405 0.063702 0.096983
0 0.558293 0.518319 0.094952 0.096983
0 0.751803 0.534483 0.147837 0.081897
0 0.709736 0.724138 0.082933 0.125
0 0.900841 0.90625 0.104567 0.157328
0 0.873197 0.757543 0.085337 0.144397
0 0.275841 0.496767 0.08774 0.122845
0 0.122596 0.487069 0.064904 0.125
0 0.073317 0.600216 0.088942 0.157328
0 0.159255 0.684267 0.145433 0.084052
0 0.163462 0.834052 0.1875 0.125
0 0.339543 0.860991 0.268029 0.118534
0 0.397837 0.692888 0.149038 0.105603
0 0.534856 0.679957 0.0625 0.114224
0 0.555889 0.800647 0.123798 0.079741
0 0.56851 0.846983 0.086538 0.146552
0 0.644231 0.678879 0.0625 0.159483
0 0.680889 0.543103 0.11899 0.103448
0 0.392428 0.587284 0.066106 0.05819
0 0.087139 0.130388 0.097356 0.05819
0 0.127404 0.282328 0.096154 0.077586
0 0.071514 0.330819 0.066106 0.0625
0 0.03726 0.74569 0.072115 0.168103
0 0.052284 0.942888 0.102163 0.101293
0 0.200721 0.528017 0.076923 0.081897
0 0.161058 0.592672 0.125 0.090517
0 0.291466 0.74569 0.082933 0.146552
0 0.355168 0.965517 0.05649 0.068966
0 0.534856 0.96875 0.137019 0.0625
0 0.707933 0.925647 0.076923 0.148707
0 0.799279 0.871767 0.122596 0.161638
0 0.918269 0.637931 0.15625 0.150862
0 0.748197 0.65625 0.106971 0.092672
0 0.640024 0.854526 0.05649 0.148707
0 0.704327 0.477371 0.045673 0.05819
0 0.470553 0.536638 0.092548 0.051724
0 0.383413 0.551724 0.067308 0.043103
0 0.307091 0.584052 0.097356 0.073276
