0 0.954385 0.831174 0.090313 0.24196
0 0.95744 0.632336 0.084276 0.260617
0 0.482526 0.118224 0.30855 0.149764
0 0.863511 0.065368 0.138852 0.117173
0 0.724022 0.105639 0.193431 0.135097
0 0.141196 0.359641 0.223528 0.235045
0 0.765598 0.876625 0.092345 0.183296
0 0.619255 0.851369 0.171011 0.213512
0 0.604574 0.28032 0.192538 0.178401
0 0.161289 0.074461 0.288695 0.145098
0 0.62473 0.496688 0.160281 0.148997
0 0.218157 0.572064 0.344811 0.1411
0 0.274132 0.334366 0.120574 0.262082
0 0.196211 0.576991 0.269359 0.170058
0 0.639074 0.479278 0.18863 0.174436
0 0.570978 0.27346 0.250752 0.162242
0 0.517763 0.130014 0.244353 0.175108
0 0.937306 0.220528 0.120114 0.391385
0 0.500372 0.471941 0.183444 0.100709
0 0.754325 0.314489 0.087383 0.238906
0 0.925176 0.395675 0.102179 0.269265
0 0.787201 0.785916 0.128503 0.095294
0 0.049926 0.655729 0.099125 0.134612
0 0.024099 0.483975 0.048197 0.208184
