0 0.363414 0.838162 0.088532 0.277899
0 0.207061 0.665688 0.112703 0.175277
0 0.286883 0.146992 0.223304 0.227144
0 0.107975 0.535699 0.191513 0.389494
0 0.86822 0.627252 0.230666 0.157149
0 0.831738 0.091383 0.243402 0.173746
0 0.491816 0.692252 0.112685 0.185846
0 0.386626 0.593838 0.136184 0.312269
0 0.829736 0.32145 0.340528 0.167721
0 0.480435 0.37796 0.153504 0.128263
0 0.633843 0.850724 0.034376 0.219412
0 0.132617 0.785923 0.052856 0.091852
0 0.639802 0.575508 0.2902 0.160851
0 0.087719 0.567676 0.173848 0.328707
0 0.865802 0.778781 0.268397 0.20695
0 0.633268 0.612727 0.267418 0.213556
0 0.537568 0.812384 0.184225 0.116422
0 0.12191 0.489719 0.191705 0.415614
0 0.266162 0.328056 0.137828 0.153354
0 0.828215 0.777746 0.343569 0.165219
0 0.53745 0.91731 0.075216 0.144652
