0 0.582332 0.317888 0.299279 0.196121
0 0.31851 0.219828 0.057692 0.155172
0 0.153245 0.334052 0.058894 0.077586
0 0.102764 0.37931 0.13101 0.142241
0 0.094952 0.43319 0.120192 0.112069
0 0.088942 0.171336 0.079327 0.165948
0 0.055288 0.059267 0.048077 0.114224
0 0.073317 0.271552 0.043269 0.051724
0 0.102764 0.525862 0.092548 0.099138
0 0.203726 0.561422 0.147837 0.075431
0 0.332332 0.546336 0.104567 0.06681
0 0.380409 0.625 0.123798 0.081897
0 0.277644 0.672414 0.050481 0.047414
0 0.19351 0.634698 0.055288 0.053879
0 0.120793 0.730603 0.239183 0.094828
0 0.282452 0.787716 0.057692 0.053879
0 0.192308 0.815733 0.064904 0.05819
0 0.149639 0.93319 0.143029 0.068966
0 0.724159 0.503233 0.070913 0.088362
0 0.688101 0.578664 0.097356 0.109914
0 0.61238 0.476293 0.02524 0.099138
0 0.527644 0.485991 0.069712 0.05819
0 0.451322 0.543103 0.073317 0.103448
0 0.754808 0.678879 0.177885 0.086207
0 0.702524 0.755388 0.133413 0.122845
0 0.611779 0.738147 0.067308 0.084052
0 0.512019 0.678879 0.079327 0.107759
0 0.560697 0.565733 0.097356 0.088362
0 0.588341 0.65625 0.080529 0.06681
0 0.892428 0.852371 0.094952 0.135776
0 0.769231 0.892241 0.117788 0.077586
0 0.524038 0.94181 0.100962 0.116379
0 0.527644 0.872845 0.100962 0.064655
0 0.452524 0.865302 0.070913 0.06681
0 0.515024 0.8125 0.114183 0.094828
0 0.597957 0.83944 0.06851 0.114224
0 0.671875 0.886853 0.074519 0.109914
0 0.707933 0.957974 0.100962 0.084052
0 0.869591 0.587284 0.080529 0.105603
0 0.959135 0.77694 0.081731 0.071121
0 0.96274 0.889009 0.074519 0.0625
0 0.947115 0.670259 0.105769 0.12069
0 0.957332 0.56681 0.085337 0.090517
0 0.796274 0.571121 0.080529 0.073276
0 0.65625 0.451509 0.03125 0.0625
0 0.058293 0.863147 0.114183 0.075431
0 0.036058 0.955819 0.069712 0.084052
0 0.458534 0.645474 0.070913 0.071121
0 0.416466 0.759698 0.116587 0.153017
0 0.614183 0.957974 0.045673 0.079741
0 0.841346 0.744612 0.084135 0.118534
0 0.790865 0.821121 0.064904 0.047414
