0 0.930236 0.231725 0.094747 0.223969
0 0.526244 0.635352 0.069038 0.18243
0 0.778489 0.421065 0.373146 0.165225
0 0.025819 0.411364 0.051639 0.155179
0 0.320753 0.207583 0.304647 0.230509
0 0.334309 0.483381 0.321621 0.155806
0 0.277863 0.473977 0.378406 0.161033
0 0.755969 0.732248 0.38634 0.187229
0 0.540244 0.272938 0.119251 0.322992
0 0.188666 0.214222 0.18295 0.148527
0 0.841842 0.680711 0.21028 0.136201
0 0.279286 0.689239 0.124665 0.272359
0 0.778627 0.100922 0.333292 0.143641
0 0.820652 0.919823 0.145382 0.140773
