0 0.955124 0.78044 0.088946 0.251497
0 0.639534 0.799065 0.137919 0.226512
0 0.954971 0.560464 0.089578 0.23319
0 0.933176 0.146291 0.133647 0.279708
0 0.517356 0.282522 0.114064 0.204921
0 0.80074 0.775618 0.143824 0.157476
0 0.026054 0.325959 0.052108 0.198447
0 0.286298 0.061871 0.160362 0.123742
0 0.328207 0.912154 0.356251 0.157843
0 0.178335 0.608491 0.338164 0.149055
0 0.897412 0.824838 0.061136 0.23382
0 0.305578 0.397101 0.157252 0.179699
0 0.134624 0.330278 0.1822 0.35098
0 0.378769 0.184824 0.28576 0.254076
0 0.396064 0.619823 0.19062 0.125163
0 0.405176 0.476973 0.195684 0.158553
0 0.704815 0.663793 0.107604 0.196993
0 0.630969 0.956316 0.150218 0.087368
0 0.453395 0.110316 0.182724 0.181054
0 0.206557 0.637268 0.405108 0.189083
0 0.266524 0.417247 0.229464 0.201202
