0 0.529786 0.89389 0.082854 0.172072
0 0.533913 0.455447 0.217119 0.134862
0 0.316993 0.136762 0.258099 0.203697
0 0.2869 0.111294 0.317283 0.209822
0 0.364559 0.518573 0.287487 0.262871
0 0.810987 0.365258 0.378026 0.192892
0 0.85938 0.074847 0.28124 0.144338
0 0.133912 0.639897 0.247704 0.298029
0 0.581563 0.560355 0.202614 0.14708
0 0.531109 0.236187 0.138667 0.253656
0 0.319179 0.337989 0.20506 0.153372
0 0.726667 0.805848 0.206359 0.171378
0 0.847015 0.644558 0.305971 0.206659
0 0.936885 0.12423 0.12007 0.22081
0 0.030325 0.499989 0.060526 0.275136
0 0.029821 0.43541 0.059642 0.156624
0 0.814753 0.071061 0.183967 0.139892
0 0.770042 0.87701 0.24172 0.141886
0 0.828129 0.61107 0.343743 0.134459
0 0.034244 0.27593 0.068488 0.293494
0 0.356744 0.17262 0.198081 0.27008
0 0.24021 0.092855 0.353113 0.183583
0 0.871496 0.111878 0.256064 0.223756
0 0.5402 0.26932 0.126931 0.218303
