0 0.105542 0.634375 0.057783 0.118750
0 0.367335 0.209375 0.079009 0.060417
0 0.602005 0.418750 0.081368 0.070833
0 0.815448 0.898958 0.055425 0.193750
0 0.250000 0.736458 0.115566 0.143750
0 0.902123 0.894792 0.195755 0.181250
0 0.548349 0.738542 0.162736 0.214583
0 0.255896 0.693750 0.108491 0.104167
0 0.191038 0.933333 0.051887 0.120833
0 0.409788 0.739583 0.064858 0.175000
0 0.639151 0.515625 0.176887 0.089583
0 0.027712 0.758333 0.053066 0.087500
0 0.460495 0.492708 0.166274 0.114583
0 0.241745 0.534375 0.191038 0.056250
0 0.253538 0.489583 0.169811 0.050000
0 0.316038 0.444792 0.174528 0.081250
