0 0.321284 0.365192 0.189944 0.220282
0 0.770509 0.41891 0.340322 0.161618
0 0.172696 0.553919 0.345393 0.164576
0 0.407829 0.524302 0.187995 0.107409
0 0.319093 0.728029 0.135916 0.21892
0 0.198194 0.560869 0.25444 0.142463
0 0.918258 0.229897 0.087379 0.227868
0 0.389042 0.200527 0.198441 0.273573
0 0.72637 0.744488 0.365808 0.184706
0 0.822717 0.112984 0.214899 0.118947
0 0.426919 0.891804 0.159927 0.209894
0 0.4194 0.858404 0.153554 0.264232
0 0.140698 0.258326 0.213073 0.189898
0 0.121942 0.098117 0.215236 0.124976
0 0.81767 0.900291 0.12633 0.171013
0 0.196424 0.249483 0.325924 0.214199
0 0.962952 0.542593 0.074095 0.324785
0 0.277918 0.907513 0.063361 0.171382
0 0.788486 0.898642 0.183049 0.163703
0 0.556393 0.638075 0.20338 0.171894
