0 0.97008 0.753646 0.05943 0.12783
0 0.722677 0.101246 0.182539 0.179048
0 0.195806 0.819779 0.162908 0.268227
0 0.224144 0.332849 0.222717 0.155034
0 0.104928 0.817685 0.087611 0.240796
0 0.94973 0.382299 0.10054 0.250764
0 0.981006 0.625295 0.037988 0.161923
0 0.101161 0.592463 0.088137 0.247127
0 0.728688 0.74449 0.360402 0.196318
0 0.976608 0.602666 0.046607 0.213295
0 0.913738 0.898662 0.080122 0.166875
0 0.442166 0.581565 0.225635 0.182249
0 0.956645 0.208275 0.086116 0.258855
0 0.026814 0.76145 0.053628 0.252424
0 0.652551 0.527897 0.225835 0.141229
0 0.203863 0.316417 0.256586 0.188113
0 0.361487 0.643002 0.228769 0.100019
0 0.241346 0.309547 0.197525 0.108517
0 0.581104 0.738461 0.441494 0.181723
0 0.17056 0.812897 0.194473 0.244053
0 0.509839 0.364293 0.396505 0.191872
0 0.572933 0.909224 0.103533 0.16445
0 0.887817 0.056615 0.217125 0.11323
0 0.947845 0.146103 0.104118 0.289818
