0 0.154729 0.355177 0.144365 0.258862
0 0.286402 0.200329 0.151367 0.209714
0 0.972327 0.580346 0.054728 0.246832
0 0.965844 0.788375 0.067796 0.248765
0 0.705708 0.09399 0.207276 0.143687
0 0.550865 0.288798 0.316037 0.18364
0 0.956246 0.184863 0.087039 0.265229
0 0.77576 0.26362 0.195637 0.089275
0 0.859688 0.675209 0.15869 0.116035
0 0.717798 0.756353 0.382523 0.21232
0 0.946805 0.194465 0.10533 0.362852
0 0.613706 0.550061 0.294766 0.137628
0 0.479772 0.909234 0.25653 0.151321
0 0.319204 0.387735 0.285355 0.152339
0 0.10642 0.755884 0.174227 0.153193
0 0.294016 0.411707 0.24752 0.151514
0 0.925587 0.042646 0.124958 0.085291
0 0.243427 0.043478 0.213619 0.086955
0 0.377458 0.682745 0.22758 0.097445
0 0.351268 0.90271 0.357573 0.13824
0 0.711643 0.450981 0.292386 0.141253
0 0.034685 0.24324 0.06937 0.368891
0 0.742636 0.439073 0.249827 0.126121
