0 0.444111 0.46444 0.061298 0.092672
0 0.471755 0.519397 0.123798 0.107759
0 0.300481 0.106681 0.069712 0.05819
0 0.518029 0.085129 0.098558 0.105603
0 0.525841 0.03556 0.049279 0.045259
0 0.809495 0.05819 0.128606 0.077586
0 0.959135 0.121767 0.081731 0.096983
0 0.869591 0.286638 0.066106 0.060345
0 0.96274 0.195043 0.028846 0.06681
0 0.981971 0.28125 0.036058 0.049569
0 0.85637 0.407328 0.061298 0.133621
0 0.885817 0.490302 0.040865 0.118534
0 0.871394 0.543103 0.086538 0.086207
0 0.967548 0.477371 0.064904 0.096983
0 0.976562 0.436422 0.046875 0.049569
0 0.989784 0.373922 0.020433 0.071121
0 0.808894 0.65625 0.192308 0.092672
0 0.717548 0.669181 0.074519 0.05819
0 0.60637 0.643319 0.080529 0.075431
0 0.359976 0.735991 0.054087 0.114224
0 0.33774 0.853448 0.134615 0.159483
0 0.39363 0.862069 0.094952 0.125
0 0.365986 0.96444 0.157452 0.071121
0 0.104567 0.914871 0.048077 0.131466
0 0.199519 0.757543 0.103365 0.049569
0 0.23738 0.690733 0.167067 0.226293
0 0.199519 0.724138 0.067308 0.068966
0 0.08774 0.799569 0.086538 0.086207
0 0.049279 0.877155 0.096154 0.064655
0 0.033053 0.592672 0.063702 0.215517
0 0.195913 0.836207 0.165865 0.176724
0 0.47476 0.959052 0.067308 0.081897
0 0.579928 0.762931 0.044471 0.12931
0 0.539663 0.639009 0.052885 0.105603
0 0.471755 0.778017 0.090144 0.094828
0 0.499399 0.855603 0.102163 0.146552
0 0.662861 0.811422 0.133413 0.05819
0 0.688101 0.721983 0.19351 0.099138
0 0.798077 0.795259 0.153846 0.081897
0 0.464543 0.588362 0.126202 0.107759
0 0.385216 0.636853 0.111779 0.084052
0 0.597957 0.5625 0.126202 0.094828
0 0.1875 0.46875 0.043269 0.06681
0 0.607572 0.90194 0.092548 0.148707
0 0.856971 0.939655 0.230769 0.068966
0 0.805889 0.974138 0.114183 0.051724
0 0.921274 0.83944 0.104567 0.06681
0 0.935697 0.768319 0.08774 0.105603
0 0.480168 0.344828 0.027644 0.094828
0 0.973558 0.588362 0.052885 0.125
0 0.951923 0.667026 0.096154 0.118534
0 0.515625 0.945043 0.076923 0.0625
0 0.057091 0.737069 0.111779 0.077586
0 0.710938 0.943966 0.123798 0.112069
0 0.809495 0.858836 0.179087 0.045259
