0 0.116587 0.174569 0.110577 0.081897
0 0.457332 0.514009 0.186298 0.075431
0 0.604567 0.332974 0.036058 0.06681
0 0.766827 0.352371 0.033654 0.144397
0 0.823317 0.074353 0.060096 0.092672
0 0.888221 0.109914 0.055288 0.189655
0 0.981971 0.099138 0.036058 0.185345
0 0.024639 0.498922 0.046875 0.06681
0 0.207933 0.507543 0.103365 0.153017
0 0.577524 0.456897 0.075721 0.068966
0 0.70613 0.556034 0.147837 0.116379
0 0.676082 0.657328 0.08774 0.051724
0 0.474159 0.59375 0.126202 0.109914
0 0.402043 0.673491 0.058894 0.174569
0 0.323317 0.724138 0.086538 0.090517
0 0.192909 0.756466 0.11899 0.099138
0 0.158053 0.741379 0.058894 0.047414
0 0.191106 0.661638 0.146635 0.068966
0 0.313101 0.650862 0.08774 0.051724
0 0.685697 0.820043 0.164663 0.131466
0 0.575721 0.774784 0.055288 0.144397
0 0.695913 0.729526 0.091346 0.092672
0 0.921875 0.771552 0.15625 0.142241
0 0.889423 0.844828 0.177885 0.168103
0 0.840144 0.891164 0.086538 0.096983
0 0.904447 0.956897 0.121394 0.086207
0 0.400841 0.871767 0.183894 0.226293
0 0.188101 0.869612 0.126202 0.088362
0 0.08113 0.766164 0.08774 0.079741
0 0.078125 0.668103 0.088942 0.116379
0 0.049279 0.574353 0.069712 0.075431
0 0.033053 0.684267 0.063702 0.092672
0 0.702524 0.929957 0.16226 0.122845
0 0.566707 0.618534 0.06851 0.051724
0 0.579928 0.552802 0.063702 0.079741
0 0.877404 0.644397 0.209135 0.181034
0 0.858173 0.490302 0.045673 0.05819
0 0.973558 0.481681 0.052885 0.045259
0 0.569712 0.954741 0.098558 0.081897
0 0.489183 0.706897 0.079327 0.107759
0 0.325721 0.601293 0.091346 0.038793
0 0.286058 0.789871 0.100962 0.0625
0 0.20012 0.990302 0.073317 0.015086
