0 0.80625 0.091838 0.198511 0.173118
0 0.271079 0.13557 0.214836 0.217188
0 0.954401 0.40037 0.090372 0.251224
0 0.812029 0.291312 0.364958 0.190728
0 0.924476 0.110952 0.094383 0.207517
0 0.372929 0.809209 0.115248 0.296904
0 0.426732 0.308622 0.294695 0.129889
0 0.942482 0.969094 0.114406 0.061811
0 0.07785 0.647846 0.1557 0.323538
0 0.406633 0.55815 0.236563 0.309233
0 0.63795 0.615172 0.273768 0.221935
0 0.838537 0.760516 0.322927 0.162392
0 0.663554 0.910496 0.033343 0.140575
0 0.366531 0.553794 0.19268 0.304693
0 0.839977 0.467029 0.11988 0.116332
0 0.640816 0.596673 0.276551 0.153238
0 0.067597 0.698769 0.135193 0.233614
0 0.298044 0.34321 0.325406 0.149744
0 0.56757 0.812491 0.22114 0.11675
0 0.782345 0.886545 0.222421 0.180033
0 0.376404 0.859348 0.115134 0.281304
