0 0.601415 0.091667 0.132075 0.137500
0 0.383255 0.108333 0.047170 0.212500
0 0.113797 0.917708 0.055425 0.143750
0 0.178656 0.330208 0.147406 0.097917
0 0.066038 0.594792 0.103774 0.102083
0 0.587854 0.106250 0.097877 0.112500
0 0.493514 0.505208 0.142689 0.131250
0 0.597288 0.439583 0.140330 0.179167
0 0.279481 0.350000 0.063679 0.083333
0 0.813679 0.839583 0.049528 0.220833
0 0.738208 0.745833 0.099057 0.112500
0 0.386792 0.072917 0.042453 0.141667
0 0.330778 0.597917 0.149764 0.341667
0 0.349057 0.323958 0.101415 0.056250
0 0.715212 0.409375 0.076651 0.160417
0 0.733491 0.913542 0.089623 0.085417
