0 0.139409 0.13675 0.061736 0.164817
0 0.534798 0.853608 0.092662 0.232975
0 0.547809 0.475979 0.102815 0.21039
0 0.301749 0.119737 0.243848 0.178781
0 0.869452 0.869261 0.131885 0.156969
0 0.865405 0.062229 0.26919 0.123468
0 0.87347 0.093191 0.253061 0.181917
0 0.811643 0.360874 0.376715 0.205029
0 0.277588 0.859297 0.204535 0.171559
0 0.434239 0.786382 0.083796 0.208475
0 0.914181 0.129718 0.171638 0.259435
0 0.352575 0.564615 0.23484 0.253141
0 0.031839 0.523463 0.063679 0.29764
0 0.615275 0.608704 0.193775 0.157673
0 0.870939 0.663375 0.258122 0.217687
0 0.376946 0.414034 0.182162 0.148945
0 0.533067 0.827885 0.110367 0.260132
0 0.945032 0.159219 0.109629 0.261541
0 0.197773 0.648441 0.19493 0.209465
0 0.854195 0.077635 0.243834 0.15527
0 0.323278 0.127125 0.224825 0.217643
