0 0.301264 0.099856 0.26786 0.194993
0 0.242301 0.702231 0.136094 0.211979
0 0.863106 0.065439 0.234694 0.130878
0 0.459015 0.766183 0.099675 0.282534
0 0.2631 0.412335 0.176875 0.271723
0 0.827261 0.546271 0.21062 0.144746
0 0.288925 0.256082 0.168001 0.099494
0 0.802141 0.305113 0.386855 0.19555
0 0.520091 0.861389 0.192942 0.162973
0 0.47402 0.424173 0.107712 0.201346
0 0.5254 0.167556 0.186104 0.334712
0 0.32058 0.124973 0.229378 0.236967
0 0.55706 0.577789 0.233803 0.209698
0 0.848244 0.760114 0.268119 0.140552
0 0.881139 0.599249 0.236745 0.245792
0 0.498565 0.400746 0.132932 0.15821
