0 0.961951 0.167778 0.076057 0.209919
0 0.724993 0.10068 0.212218 0.20136
0 0.228081 0.352574 0.148677 0.21647
0 0.853796 0.827889 0.179946 0.234689
0 0.794071 0.370804 0.411857 0.183952
0 0.239436 0.114532 0.263758 0.188801
0 0.486518 0.105274 0.251693 0.16278
0 0.762661 0.236451 0.208303 0.139236
0 0.334072 0.700776 0.323112 0.182159
0 0.451536 0.309313 0.164354 0.228297
0 0.460907 0.619559 0.233942 0.166017
0 0.16243 0.418818 0.313824 0.217823
0 0.87351 0.062313 0.205225 0.116698
0 0.738559 0.365591 0.348693 0.180886
0 0.55577 0.873428 0.113138 0.161069
0 0.230679 0.323026 0.12772 0.254032
0 0.843659 0.34765 0.312683 0.194081
0 0.810029 0.794789 0.270245 0.162119
0 0.471052 0.320691 0.199853 0.263639
