0 0.909513 0.896141 0.063358 0.194081
0 0.737442 0.109311 0.208706 0.149903
0 0.566503 0.554904 0.327555 0.162975
0 0.169243 0.39274 0.217593 0.197075
0 0.286482 0.262601 0.257595 0.177699
0 0.957489 0.211573 0.084669 0.270467
0 0.147803 0.777866 0.277419 0.195692
0 0.975374 0.5918 0.049109 0.239279
0 0.267071 0.250517 0.303241 0.140303
0 0.760884 0.693978 0.389348 0.139491
0 0.687701 0.955499 0.171906 0.087985
0 0.247912 0.719218 0.206423 0.167378
0 0.889383 0.055923 0.186142 0.111846
0 0.735254 0.428244 0.232954 0.106394
0 0.615295 0.532468 0.221261 0.163766
0 0.557894 0.357964 0.381194 0.184731
0 0.975165 0.806982 0.049227 0.158673
0 0.235729 0.550992 0.116682 0.17519
