0 0.340745 0.12931 0.092548 0.047414
0 0.469351 0.099138 0.03726 0.077586
0 0.821514 0.112069 0.061298 0.068966
0 0.059495 0.061422 0.027644 0.049569
0 0.06851 0.153017 0.040865 0.056034
0 0.091346 0.046336 0.028846 0.053879
0 0.21274 0.556034 0.182692 0.112069
0 0.286058 0.356681 0.100962 0.088362
0 0.344952 0.421336 0.091346 0.053879
0 0.529447 0.341595 0.06851 0.092672
0 0.614183 0.355603 0.052885 0.081897
0 0.630409 0.434267 0.042067 0.092672
0 0.566106 0.523707 0.033654 0.068966
0 0.707933 0.479526 0.074519 0.079741
0 0.781851 0.520474 0.102163 0.05819
0 0.73137 0.547414 0.126202 0.073276
0 0.813702 0.623922 0.122596 0.096983
0 0.903846 0.693966 0.098558 0.086207
0 0.917668 0.807112 0.073317 0.118534
0 0.84976 0.850216 0.144231 0.092672
0 0.697716 0.756466 0.082933 0.068966
0 0.708534 0.701509 0.111779 0.096983
0 0.637019 0.676724 0.052885 0.056034
0 0.579327 0.592672 0.079327 0.090517
0 0.640625 0.553879 0.055288 0.146552
0 0.58774 0.703664 0.096154 0.131466
0 0.439904 0.715517 0.149038 0.099138
0 0.384014 0.634698 0.075721 0.140086
0 0.458534 0.550647 0.11899 0.101293
0 0.516827 0.5 0.048077 0.077586
0 0.540264 0.417026 0.075721 0.06681
0 0.141827 0.690733 0.081731 0.18319
0 0.08774 0.6875 0.127404 0.090517
0 0.058293 0.646552 0.082933 0.107759
0 0.073317 0.456897 0.132212 0.086207
0 0.070913 0.477371 0.052885 0.045259
0 0.308894 0.212284 0.055288 0.088362
0 0.233774 0.747845 0.094952 0.099138
0 0.09375 0.947198 0.177885 0.084052
0 0.130409 0.831897 0.116587 0.137931
0 0.327524 0.90194 0.109375 0.096983
0 0.402043 0.813578 0.114183 0.092672
0 0.445913 0.797414 0.084135 0.056034
0 0.603365 0.813578 0.088942 0.079741
0 0.691106 0.801724 0.081731 0.056034
0 0.76863 0.778017 0.046875 0.064655
0 0.800481 0.747845 0.088942 0.081897
0 0.655048 0.9375 0.153846 0.125
0 0.46875 0.919181 0.163462 0.161638
0 0.86899 0.573276 0.182692 0.056034
0 0.95613 0.905172 0.08774 0.073276
0 0.959736 0.774784 0.080529 0.071121
0 0.813702 0.676724 0.057692 0.051724
0 0.710337 0.612069 0.084135 0.068966
