0 0.522006 0.336024 0.120474 0.287287
0 0.818064 0.123561 0.246632 0.223182
0 0.382239 0.873605 0.152731 0.170055
0 0.714072 0.779968 0.388558 0.158952
0 0.897852 0.621836 0.060777 0.192439
0 0.379103 0.360795 0.160364 0.158554
0 0.765446 0.431398 0.392955 0.16584
0 0.80946 0.95663 0.186468 0.08674
0 0.024801 0.386662 0.049602 0.177386
0 0.173599 0.097428 0.305415 0.181567
0 0.923811 0.038983 0.151575 0.077966
0 0.301301 0.695921 0.235333 0.258411
0 0.827265 0.388409 0.315037 0.177836
0 0.352125 0.683579 0.144704 0.125785
0 0.37641 0.489718 0.240722 0.158796
0 0.320735 0.448768 0.326843 0.174054
0 0.982412 0.778648 0.035101 0.273391
