0 0.39363 0.307112 0.109375 0.092672
0 0.351562 0.400862 0.070913 0.051724
0 0.112981 0.154095 0.0625 0.18319
0 0.100361 0.240302 0.085337 0.079741
0 0.080529 0.296336 0.0625 0.092672
0 0.207332 0.510776 0.094952 0.116379
0 0.362981 0.502155 0.048077 0.086207
0 0.379808 0.574353 0.139423 0.088362
0 0.097957 0.503233 0.167067 0.127155
0 0.082933 0.602371 0.098558 0.157328
0 0.28125 0.644397 0.108173 0.047414
0 0.215745 0.661638 0.102163 0.056034
0 0.138822 0.740302 0.164663 0.114224
0 0.088942 0.83944 0.074519 0.096983
0 0.157452 0.820043 0.084135 0.144397
0 0.334736 0.802802 0.155048 0.101293
0 0.394832 0.71444 0.128606 0.075431
0 0.479567 0.635776 0.081731 0.068966
0 0.588942 0.501078 0.052885 0.127155
0 0.629808 0.524784 0.040865 0.114224
0 0.732572 0.528017 0.128606 0.090517
0 0.757212 0.381466 0.103365 0.232759
0 0.959135 0.494612 0.081731 0.075431
0 0.917668 0.586207 0.085337 0.086207
0 0.914663 0.679957 0.076923 0.084052
0 0.527644 0.521552 0.069712 0.081897
0 0.543269 0.587284 0.084135 0.075431
0 0.598558 0.615302 0.108173 0.075431
0 0.623197 0.713362 0.116587 0.125
0 0.58113 0.75431 0.135817 0.094828
0 0.545673 0.851293 0.1875 0.081897
0 0.363582 0.932112 0.191106 0.135776
0 0.125601 0.935345 0.248798 0.12931
0 0.066707 0.72306 0.13101 0.127155
0 0.56851 0.948276 0.173077 0.103448
0 0.587139 0.966595 0.114183 0.06681
0 0.789062 0.793103 0.102163 0.185345
0 0.732572 0.903017 0.082933 0.189655
0 0.701322 0.794181 0.092548 0.114224
0 0.765625 0.664871 0.139423 0.05819
0 0.924279 0.822198 0.050481 0.18319
0 0.965745 0.904095 0.06851 0.088362
0 0.865385 0.837284 0.088942 0.092672
0 0.870793 0.757543 0.070913 0.049569
0 0.834736 0.612069 0.097356 0.142241
0 0.98137 0.633621 0.03726 0.137931
0 0.974159 0.778017 0.051683 0.051724
0 0.485577 0.771552 0.067308 0.081897
0 0.531851 0.690733 0.085337 0.079741
0 0.716346 0.59806 0.139423 0.079741
