0 0.214849 0.847067 0.115953 0.182668
0 0.346172 0.452362 0.253298 0.132398
0 0.237329 0.270996 0.184999 0.221949
0 0.813918 0.075751 0.239697 0.151501
0 0.458228 0.210334 0.261636 0.159401
0 0.485974 0.750934 0.113857 0.167048
0 0.4875 0.229451 0.222316 0.177414
0 0.547273 0.868871 0.179154 0.158268
0 0.766217 0.836964 0.234873 0.120977
0 0.854602 0.656874 0.290795 0.17006
0 0.552661 0.522352 0.165585 0.158762
0 0.371281 0.197768 0.184244 0.128831
0 0.817257 0.516559 0.229508 0.148453
0 0.518597 0.420429 0.231659 0.153503
0 0.812968 0.27455 0.359447 0.195117
0 0.428518 0.044132 0.224048 0.088263
0 0.037693 0.148647 0.060077 0.297294
