0 0.540548 0.452128 0.223359 0.152075
0 0.353908 0.545028 0.238683 0.274849
0 0.318249 0.14188 0.240081 0.230223
0 0.54327 0.874916 0.118783 0.196451
0 0.583158 0.618033 0.179052 0.180781
0 0.906474 0.122373 0.186643 0.240923
0 0.363008 0.167041 0.153413 0.279242
0 0.540474 0.839316 0.126564 0.270965
0 0.785843 0.892908 0.26788 0.153961
0 0.84136 0.668064 0.308921 0.185123
0 0.801501 0.368421 0.396998 0.199487
0 0.247901 0.085596 0.388438 0.163159
0 0.660699 0.169517 0.1158 0.102109
0 0.157168 0.306691 0.297311 0.254263
0 0.811401 0.882817 0.209796 0.144421
0 0.934987 0.127108 0.129573 0.246206
0 0.269961 0.866105 0.212428 0.11138
0 0.839927 0.38208 0.320145 0.202783
0 0.843529 0.879036 0.1499 0.139635
0 0.261109 0.091978 0.263178 0.181411
0 0.17548 0.647862 0.184272 0.242835
0 0.215844 0.245354 0.19172 0.183329
0 0.857736 0.086749 0.270734 0.168828
