0 0.190455 0.794707 0.350336 0.184982
0 0.884888 0.861601 0.052022 0.190744
0 0.234618 0.440962 0.257613 0.27008
0 0.973361 0.591012 0.053279 0.241786
0 0.267388 0.454294 0.201439 0.270255
0 0.211179 0.414129 0.269462 0.2707
0 0.823907 0.099615 0.328743 0.15674
0 0.900778 0.057386 0.11926 0.114772
0 0.508408 0.869294 0.130253 0.187697
0 0.558584 0.548193 0.264096 0.202564
0 0.757832 0.104867 0.206533 0.148499
0 0.315518 0.252753 0.295408 0.180285
0 0.764237 0.663798 0.346599 0.166614
0 0.811546 0.514834 0.209127 0.120721
0 0.620727 0.294133 0.36511 0.167949
0 0.972842 0.823393 0.053644 0.15317
0 0.341828 0.248661 0.260868 0.144644
0 0.299569 0.679189 0.201746 0.165301
0 0.96977 0.178325 0.06011 0.248287
0 0.751492 0.683326 0.404308 0.180614
0 0.96864 0.968232 0.062153 0.063537
0 0.291764 0.927006 0.293836 0.138166
0 0.866789 0.064245 0.201291 0.12849
