0 0.462889 0.398804 0.13043 0.157357
0 0.838488 0.549481 0.232108 0.161831
0 0.22701 0.697446 0.160698 0.195971
0 0.841056 0.090206 0.24571 0.180412
0 0.235131 0.0909 0.28853 0.17869
0 0.851013 0.0685 0.248313 0.136999
0 0.570437 0.268431 0.063583 0.233405
0 0.268103 0.102069 0.235512 0.204139
0 0.510148 0.860721 0.207538 0.158286
0 0.541199 0.84263 0.138857 0.148068
0 0.253351 0.414284 0.181348 0.264996
0 0.804561 0.303519 0.390879 0.168875
0 0.444353 0.148954 0.169966 0.286274
0 0.442387 0.802236 0.098705 0.260722
0 0.868046 0.70842 0.261294 0.158932
0 0.56702 0.573239 0.219817 0.237646
0 0.42175 0.629804 0.249566 0.187302
