0 0.231971 0.159483 0.084135 0.125
0 0.450721 0.12931 0.074519 0.099138
0 0.69351 0.103448 0.048077 0.081897
0 0.854567 0.179957 0.050481 0.118534
0 0.819712 0.275862 0.036058 0.12069
0 0.867788 0.342672 0.060096 0.202586
0 0.791466 0.521552 0.070913 0.090517
0 0.885817 0.519397 0.185096 0.068966
0 0.977764 0.28125 0.044471 0.109914
0 0.961538 0.434267 0.060096 0.084052
0 0.70613 0.627155 0.109375 0.068966
0 0.572115 0.590517 0.112981 0.060345
0 0.590144 0.522629 0.064904 0.053879
0 0.61238 0.356681 0.066106 0.040948
0 0.439904 0.525862 0.074519 0.107759
0 0.192308 0.533405 0.057692 0.127155
0 0.283053 0.534483 0.030048 0.094828
0 0.286058 0.676724 0.141827 0.081897
0 0.23137 0.727371 0.147837 0.0625
0 0.221755 0.81681 0.094952 0.103448
0 0.209135 0.887931 0.050481 0.068966
0 0.073918 0.875 0.11899 0.103448
0 0.124399 0.970905 0.18149 0.05819
0 0.376202 0.87069 0.055288 0.24569
0 0.33774 0.891164 0.15625 0.084052
0 0.44351 0.677802 0.076923 0.079741
0 0.536058 0.678879 0.103365 0.068966
0 0.494591 0.759698 0.092548 0.06681
0 0.432091 0.775862 0.082933 0.090517
0 0.513221 0.957974 0.245192 0.075431
0 0.783654 0.700431 0.15625 0.112069
0 0.92488 0.623922 0.104567 0.075431
0 0.942308 0.775862 0.072115 0.168103
0 0.894832 0.927802 0.191106 0.105603
0 0.737981 0.94181 0.177885 0.112069
0 0.720553 0.818966 0.325721 0.086207
0 0.649639 0.715517 0.13101 0.125
0 0.094952 0.675647 0.129808 0.161638
0 0.013822 0.730603 0.02524 0.056034
0 0.038462 0.619612 0.074519 0.071121
0 0.057091 0.436422 0.111779 0.140086
0 0.501202 0.856681 0.105769 0.092672
0 0.338942 0.621767 0.153846 0.088362
0 0.495793 0.595905 0.070913 0.114224
0 0.371995 0.713362 0.03726 0.125
