0 0.462204 0.290045 0.18681 0.164418
0 0.832221 0.821733 0.196652 0.216616
0 0.858511 0.832764 0.172988 0.240202
0 0.549124 0.901278 0.134249 0.180923
0 0.823305 0.355944 0.353391 0.180553
0 0.238506 0.426497 0.266394 0.163474
0 0.24106 0.730933 0.355488 0.196219
0 0.779011 0.063576 0.209881 0.127152
0 0.838927 0.056776 0.313402 0.113349
0 0.251321 0.155687 0.22753 0.283875
0 0.960201 0.138043 0.07939 0.200816
0 0.500854 0.451616 0.255009 0.176263
0 0.487813 0.098569 0.184988 0.144634
0 0.271563 0.280345 0.154034 0.15184
0 0.035962 0.548088 0.071923 0.272371
0 0.259649 0.445725 0.225181 0.160012
0 0.515121 0.481337 0.237563 0.176401
0 0.044394 0.661187 0.08833 0.202255
0 0.54362 0.101298 0.279574 0.155842
0 0.04345 0.315478 0.075748 0.267995
0 0.864094 0.065662 0.224282 0.120334
0 0.166903 0.058651 0.230052 0.117301
0 0.037891 0.880407 0.075433 0.125268
0 0.252749 0.389702 0.30452 0.208074
0 0.766166 0.617253 0.33156 0.202077
