0 0.956078 0.618203 0.087216 0.254437
0 0.518535 0.302291 0.06971 0.228407
0 0.95071 0.820337 0.097627 0.247564
0 0.660841 0.235119 0.069667 0.22671
0 0.500978 0.095028 0.255345 0.186557
0 0.30241 0.071161 0.246958 0.132898
0 0.925233 0.39431 0.115203 0.263242
0 0.13701 0.459053 0.198067 0.297231
0 0.048278 0.631846 0.096086 0.146574
0 0.612476 0.831867 0.188073 0.211644
0 0.023759 0.377216 0.047518 0.168859
0 0.744625 0.273002 0.108642 0.231933
0 0.311066 0.283707 0.282289 0.158591
0 0.874324 0.14557 0.251351 0.285364
0 0.59475 0.850976 0.181104 0.167631
0 0.189981 0.061964 0.334769 0.117882
0 0.505558 0.442371 0.164218 0.090288
0 0.171564 0.071384 0.264387 0.12547
0 0.280343 0.546682 0.269377 0.148355
0 0.816894 0.357705 0.104425 0.109304
0 0.182587 0.683231 0.31466 0.150067
0 0.639136 0.449225 0.162945 0.187369
0 0.345925 0.292742 0.236024 0.143155
0 0.933711 0.203103 0.127686 0.395249
0 0.232642 0.072558 0.383292 0.131643
0 0.258987 0.564814 0.262642 0.17515
0 0.219017 0.922997 0.387769 0.149557
