0 0.965488 0.600012 0.068703 0.235425
0 0.683931 0.441544 0.17523 0.181628
0 0.748152 0.379394 0.143163 0.149061
0 0.599177 0.79686 0.393501 0.209006
0 0.314642 0.911629 0.316387 0.159711
0 0.96357 0.822651 0.072397 0.25301
0 0.718689 0.208284 0.120256 0.17039
0 0.533458 0.442669 0.172709 0.090825
0 0.146113 0.34268 0.152456 0.257783
0 0.100026 0.801557 0.157079 0.184096
0 0.292551 0.417758 0.269914 0.161363
0 0.43707 0.185869 0.284329 0.218983
0 0.479598 0.610892 0.248814 0.16259
0 0.196269 0.077071 0.232882 0.145424
0 0.679587 0.956871 0.129324 0.086258
0 0.947715 0.224773 0.10457 0.264528
0 0.944298 0.206148 0.111029 0.365407
0 0.438237 0.230288 0.30922 0.263969
0 0.954715 0.392429 0.090571 0.236615
0 0.491013 0.157793 0.198943 0.221458
0 0.355906 0.704056 0.209466 0.115197
0 0.033298 0.28975 0.066595 0.3198
