0 0.79122 0.824874 0.223098 0.167443
0 0.774265 0.098501 0.245247 0.193284
0 0.376104 0.902323 0.329728 0.151358
0 0.51198 0.427812 0.257824 0.142749
0 0.640953 0.347591 0.194991 0.165934
0 0.921136 0.055366 0.12527 0.109444
0 0.71786 0.089032 0.345696 0.164714
0 0.907875 0.630153 0.106476 0.173972
0 0.461535 0.266279 0.245015 0.136835
0 0.549272 0.869094 0.091298 0.205934
0 0.822001 0.330622 0.33984 0.180695
0 0.949156 0.212494 0.100814 0.136068
0 0.438671 0.403984 0.186973 0.115882
0 0.26246 0.373942 0.321924 0.145052
0 0.335583 0.524254 0.249873 0.131207
0 0.249382 0.485613 0.163017 0.10642
0 0.26225 0.056695 0.381319 0.107992
