0 0.215665 0.617202 0.167434 0.2163
0 0.420785 0.365544 0.099116 0.182904
0 0.834648 0.539833 0.245057 0.184226
0 0.407564 0.626556 0.080815 0.264818
0 0.534383 0.863268 0.12182 0.157818
0 0.277456 0.261585 0.204305 0.166373
0 0.279606 0.078841 0.359012 0.154892
0 0.248453 0.407101 0.203055 0.249291
0 0.30993 0.111223 0.277895 0.219317
0 0.845088 0.081723 0.265865 0.163445
0 0.759027 0.785388 0.224172 0.131128
0 0.593595 0.096621 0.256483 0.189447
0 0.819389 0.295514 0.355362 0.161925
0 0.412381 0.794223 0.067611 0.286218
0 0.867524 0.090061 0.1983 0.180121
0 0.935846 0.420961 0.127517 0.180639
0 0.564209 0.511295 0.191464 0.25631
0 0.817995 0.058467 0.291681 0.114752
0 0.926843 0.09118 0.092117 0.18236
0 0.862428 0.714538 0.274446 0.175753
0 0.518884 0.835861 0.150426 0.144314
0 0.410258 0.707814 0.077291 0.377041
