0 0.860362 0.827817 0.14972 0.230836
0 0.252167 0.081196 0.22679 0.162392
0 0.484371 0.404398 0.229306 0.262232
0 0.737583 0.071848 0.222849 0.143695
0 0.946014 0.071076 0.058741 0.140117
0 0.166312 0.112209 0.312935 0.22205
0 0.297071 0.715378 0.387699 0.171699
0 0.569808 0.872157 0.125203 0.130087
0 0.34186 0.711151 0.452925 0.20917
0 0.216006 0.706105 0.230803 0.138209
0 0.276358 0.409236 0.166539 0.291581
0 0.199551 0.237671 0.236065 0.269997
0 0.424665 0.670429 0.328204 0.195694
0 0.840607 0.95959 0.137978 0.080821
0 0.693623 0.683774 0.374887 0.279282
