0 0.808373 0.467708 0.055425 0.181250
0 0.202241 0.560417 0.196934 0.316667
0 0.090212 0.468750 0.076651 0.141667
0 0.724057 0.381250 0.040094 0.058333
0 0.551887 0.562500 0.106132 0.195833
0 0.555425 0.364583 0.087264 0.062500
0 0.632075 0.355208 0.096698 0.081250
0 0.265920 0.357292 0.133255 0.097917
0 0.861439 0.212500 0.057783 0.150000
0 0.801887 0.884375 0.047170 0.214583
0 0.380307 0.416667 0.090802 0.116667
0 0.125590 0.882292 0.055425 0.214583
0 0.660377 0.491667 0.122642 0.179167
0 0.444575 0.519792 0.099057 0.256250
0 0.717571 0.436458 0.123821 0.056250
0 0.664505 0.729167 0.142689 0.116667
0 0.159788 0.385417 0.116745 0.137500
0 0.763561 0.808333 0.048349 0.316667
