0 0.758842 0.26657 0.192254 0.089113
0 0.868732 0.822441 0.143356 0.221834
0 0.738956 0.09407 0.220819 0.183195
0 0.279259 0.195607 0.2031 0.21211
0 0.915438 0.108507 0.164923 0.217015
0 0.570751 0.867107 0.103929 0.144247
0 0.506285 0.42255 0.280323 0.128542
0 0.239023 0.097582 0.37134 0.18467
0 0.956469 0.11715 0.083979 0.219175
0 0.858147 0.522369 0.154577 0.151492
0 0.279029 0.377842 0.297787 0.19544
0 0.28311 0.085092 0.419777 0.157362
0 0.826533 0.367027 0.346934 0.18728
0 0.516734 0.44475 0.262153 0.14632
0 0.88886 0.09529 0.204029 0.179909
0 0.268703 0.752324 0.385312 0.162667
0 0.470632 0.422275 0.242174 0.149385
0 0.352916 0.097322 0.32414 0.154721
0 0.942437 0.108454 0.11294 0.215929
0 0.304532 0.215818 0.158567 0.208948
0 0.246876 0.165732 0.248979 0.220922
0 0.431699 0.120455 0.179067 0.119723
