0 0.969862 0.59914 0.059806 0.241334
0 0.545101 0.441678 0.163756 0.085886
0 0.67491 0.428939 0.120232 0.230517
0 0.46993 0.622555 0.238786 0.16769
0 0.550348 0.186014 0.185366 0.221134
0 0.798437 0.869099 0.107516 0.080846
0 0.958555 0.821032 0.082432 0.24645
0 0.754927 0.394973 0.149204 0.14093
0 0.278068 0.417527 0.2591 0.173525
0 0.121767 0.371367 0.097173 0.222588
0 0.220058 0.070449 0.29579 0.131057
0 0.782775 0.954507 0.11306 0.074891
0 0.086453 0.791065 0.131757 0.159179
0 0.403033 0.24835 0.217264 0.222821
0 0.426084 0.223703 0.247571 0.251837
0 0.363344 0.915218 0.398595 0.156814
0 0.191238 0.866855 0.141435 0.132766
0 0.556918 0.137851 0.183286 0.134143
0 0.919858 0.873309 0.051649 0.222533
0 0.597531 0.800102 0.406689 0.208167
0 0.170848 0.527574 0.323037 0.169304
0 0.025019 0.785064 0.050038 0.202397
0 0.4404 0.876411 0.208699 0.110589
