0 0.971946 0.598293 0.055371 0.223948
0 0.967567 0.799948 0.064305 0.241182
0 0.138322 0.359373 0.144212 0.244728
0 0.071239 0.75409 0.141945 0.190225
0 0.302674 0.388372 0.285837 0.149078
0 0.683578 0.951448 0.175384 0.093279
0 0.230571 0.068529 0.255762 0.129269
0 0.701 0.409762 0.247449 0.253531
0 0.627363 0.051744 0.213202 0.103489
0 0.354741 0.91247 0.330379 0.156479
0 0.860107 0.706661 0.16433 0.11968
0 0.74276 0.724635 0.365512 0.153728
0 0.028805 0.753143 0.05761 0.201255
0 0.535354 0.288471 0.21013 0.184445
0 0.214067 0.059317 0.331884 0.116603
0 0.92176 0.123417 0.15648 0.239673
0 0.110673 0.524832 0.216762 0.143892
0 0.464413 0.602565 0.373066 0.14247
0 0.953068 0.186775 0.093289 0.274311
0 0.943472 0.146921 0.112545 0.284954
0 0.734001 0.772404 0.437685 0.260295
0 0.168832 0.525127 0.322807 0.154302
0 0.096666 0.957554 0.175999 0.083422
0 0.699476 0.252952 0.177392 0.161806
0 0.383571 0.692298 0.244194 0.111791
0 0.483748 0.3001 0.299523 0.216358
