0 0.237981 0.25431 0.091346 0.047414
0 0.501803 0.134698 0.061298 0.127155
0 0.444712 0.40194 0.048077 0.053879
0 0.470553 0.453664 0.027644 0.105603
0 0.340745 0.769397 0.092548 0.163793
0 0.269231 0.817888 0.052885 0.118534
0 0.043269 0.521552 0.084135 0.090517
0 0.196514 0.514009 0.094952 0.096983
0 0.446514 0.616379 0.042067 0.12931
0 0.5 0.626078 0.081731 0.0625
0 0.566106 0.563578 0.038462 0.0625
0 0.630409 0.584052 0.075721 0.081897
0 0.628606 0.480603 0.086538 0.077586
0 0.86238 0.268319 0.133413 0.157328
0 0.879207 0.33944 0.058894 0.161638
0 0.958534 0.092672 0.082933 0.081897
0 0.904447 0.095905 0.02524 0.084052
0 0.969351 0.309267 0.046875 0.114224
0 0.983173 0.233836 0.033654 0.0625
0 0.808293 0.661638 0.066106 0.267241
0 0.91226 0.762931 0.105769 0.081897
0 0.715144 0.931034 0.201923 0.094828
0 0.50601 0.868534 0.112981 0.125
0 0.411659 0.75 0.09976 0.12931
0 0.382812 0.919181 0.167067 0.096983
0 0.484976 0.948276 0.075721 0.103448
0 0.33113 0.299569 0.080529 0.12069
0 0.765625 0.797414 0.177885 0.125
0 0.500601 0.766164 0.104567 0.088362
0 0.365385 0.635776 0.091346 0.073276
0 0.307091 0.631466 0.058894 0.056034
0 0.26863 0.732759 0.08774 0.056034
0 0.086538 0.935345 0.048077 0.12931
0 0.064303 0.796336 0.126202 0.131466
0 0.09976 0.644397 0.185096 0.094828
0 0.034856 0.913793 0.067308 0.077586
0 0.039062 0.974138 0.061298 0.051724
0 0.704928 0.325431 0.06851 0.047414
0 0.802284 0.480603 0.034856 0.12069
0 0.572716 0.712284 0.143029 0.088362
0 0.59375 0.821121 0.043269 0.137931
0 0.333534 0.976293 0.097356 0.047414
0 0.689904 0.539871 0.064904 0.036638
0 0.741587 0.710129 0.137019 0.105603
0 0.954327 0.419181 0.033654 0.075431
0 0.902043 0.435345 0.066106 0.181034
0 0.870793 0.572198 0.11899 0.075431
0 0.969351 0.604526 0.061298 0.096983
0 0.986779 0.761853 0.026442 0.131466
0 0.902043 0.949353 0.13101 0.096983
0 0.921274 0.875 0.08774 0.051724
