0 0.790805 0.095296 0.181095 0.190592
0 0.523473 0.835543 0.103635 0.207742
0 0.223169 0.679128 0.204035 0.201269
0 0.417023 0.385122 0.124365 0.170523
0 0.38129 0.695171 0.09253 0.214274
0 0.846723 0.546497 0.218534 0.151498
0 0.915216 0.043224 0.131317 0.086447
0 0.259432 0.467504 0.253486 0.24921
0 0.274902 0.247848 0.211943 0.151235
0 0.342819 0.072014 0.345496 0.138692
0 0.45828 0.216062 0.189024 0.249601
0 0.811415 0.296143 0.377169 0.169121
0 0.537989 0.507432 0.136871 0.246293
0 0.48912 0.045126 0.237187 0.090252
0 0.410814 0.202023 0.13374 0.234164
