0 0.83703 0.601661 0.062219 0.166496
0 0.76619 0.420544 0.348358 0.19872
0 0.349599 0.488992 0.242929 0.171445
0 0.138865 0.268098 0.123842 0.161128
0 0.709595 0.776999 0.396172 0.193623
0 0.893571 0.909961 0.050803 0.173465
0 0.10446 0.539676 0.03938 0.065771
0 0.935344 0.145676 0.129312 0.286573
0 0.328673 0.203144 0.305065 0.220099
0 0.145761 0.838787 0.0592 0.21912
0 0.077405 0.073408 0.140114 0.139291
0 0.775158 0.959055 0.197749 0.081891
0 0.537161 0.607154 0.11688 0.17473
0 0.370397 0.209019 0.226253 0.241071
0 0.958615 0.574127 0.082056 0.238944
0 0.532431 0.277646 0.111469 0.309595
0 0.24862 0.667216 0.093515 0.283304
0 0.022045 0.400575 0.044091 0.15498
0 0.397187 0.500201 0.244679 0.158877
0 0.795387 0.427189 0.256196 0.207887
0 0.77025 0.099095 0.312102 0.137241
