0 0.777222 0.89962 0.174478 0.181654
0 0.586004 0.85232 0.228416 0.142845
0 0.195817 0.499821 0.225785 0.275376
0 0.91292 0.233792 0.076656 0.227543
0 0.202142 0.127662 0.324655 0.136561
0 0.777956 0.432883 0.360557 0.175131
0 0.416957 0.272772 0.231009 0.15671
0 0.59822 0.70602 0.19355 0.20066
0 0.975996 0.759382 0.048009 0.258079
0 0.017576 0.442313 0.035152 0.118264
0 0.538118 0.197147 0.119929 0.322484
0 0.384713 0.654881 0.344383 0.175478
0 0.244429 0.306288 0.171189 0.113067
0 0.0232 0.41177 0.046401 0.19508
0 0.311697 0.15144 0.238484 0.131553
0 0.228018 0.143607 0.375381 0.131222
0 0.196162 0.835863 0.231527 0.237489
0 0.812948 0.668481 0.223444 0.156022
0 0.961264 0.174754 0.076952 0.127349
