0 0.491587 0.394397 0.108173 0.099138
0 0.486178 0.267241 0.061298 0.073276
0 0.704928 0.046336 0.082933 0.071121
0 0.765625 0.228448 0.055288 0.112069
0 0.909255 0.085129 0.18149 0.131466
0 0.105769 0.176724 0.072115 0.086207
0 0.239784 0.176724 0.133413 0.068966
0 0.262019 0.590517 0.084135 0.086207
0 0.360577 0.554957 0.086538 0.105603
0 0.417067 0.672414 0.120192 0.068966
0 0.578726 0.506466 0.044471 0.112069
0 0.643029 0.482759 0.045673 0.081897
0 0.635817 0.561422 0.067308 0.101293
0 0.571514 0.621767 0.188702 0.092672
0 0.467548 0.585129 0.09375 0.092672
0 0.126202 0.49569 0.141827 0.185345
0 0.105168 0.442888 0.05649 0.0625
0 0.858173 0.635776 0.098558 0.051724
0 0.767428 0.647629 0.104567 0.053879
0 0.836538 0.671336 0.086538 0.0625
0 0.668269 0.78125 0.137019 0.105603
0 0.70012 0.868534 0.11899 0.137931
0 0.631611 0.954741 0.186298 0.090517
0 0.484375 0.809267 0.21875 0.295259
0 0.420072 0.831897 0.097356 0.107759
0 0.220553 0.831897 0.207933 0.073276
0 0.234375 0.689655 0.139423 0.090517
0 0.166466 0.654095 0.102163 0.101293
0 0.798678 0.550647 0.198317 0.109914
0 0.941707 0.642241 0.03726 0.215517
0 0.849159 0.881466 0.11899 0.090517
0 0.778245 0.788793 0.097356 0.112069
0 0.823918 0.771552 0.085337 0.090517
0 0.697115 0.703664 0.180288 0.049569
0 0.259615 0.926724 0.149038 0.133621
0 0.090745 0.826509 0.06851 0.105603
0 0.089543 0.685345 0.092548 0.103448
0 0.15625 0.748922 0.084135 0.071121
0 0.28125 0.264009 0.064904 0.049569
0 0.955529 0.77694 0.088942 0.06681
0 0.926082 0.841595 0.061298 0.049569
0 0.971755 0.903017 0.05649 0.060345
0 0.515024 0.520474 0.054087 0.053879
